We have all the paths?
here
(139, 12, '>') 
 4015
(138, 17, 'v') 
 7023
(139, 18, '>') 
 8025
(139, 20, '>') 
 8027
(139, 24, '>') 
 8031
(139, 26, '>') 
 8033
(138, 25, '^') 
 9033
(138, 23, '^') 
 9031
(135, 22, '<') 
 10035
(138, 19, 'v') 
 9029
(139, 18, '<') 
 10031
(139, 16, '<') 
 8025
(138, 17, '^') 
 11033
(137, 16, '<') 
 12035
(139, 10, '<') 
 12039
(133, 6, '>') 
 6015
(133, 8, '>') 
 6017
(133, 12, '>') 
 6021
(133, 14, '>') 
 6023
(132, 13, '^') 
 7023
(133, 10, '<') 
 10029
(133, 6, '<') 
 10033
(133, 4, '<') 
 10035
(138, 11, '^') 
 5015
(133, 12, '<') 
 10027
(132, 11, '^') 
 7021
(134, 5, 'v') 
 7015
(132, 7, '^') 
 7017
(129, 8, '<') 
 10023
(125, 6, '<') 
 12029
(125, 4, '<') 
 12031
(126, 5, 'v') 
 13031
(121, 2, '>') 
 16051
(119, 4, '<') 
 20061
(111, 2, '>') 
 24073
(109, 4, '>') 
 24077
(109, 6, '>') 
 24079
(107, 8, '>') 
 26083
(101, 10, '<') 
 32097
(97, 8, '>') 
 28109
(97, 10, '>') 
 28111
(97, 12, '>') 
 28105
(97, 14, '>') 
 26099
(97, 16, '>') 
 26101
(101, 18, '>') 
 28107
(102, 19, 'v') 
 29109
(109, 18, '<') 
 18069
(112, 19, 'v') 
 21075
(119, 20, '>') 
 10043
(120, 19, 'v') 
 29099
(121, 20, '>') 
 10041
(122, 23, 'v') 
 11045
(120, 23, '^') 
 11045
(117, 22, '<') 
 12049
(124, 31, 'v') 
 21079
(122, 31, '^') 
 21079
(121, 32, '>') 
 22081
(120, 31, '^') 
 21081
(127, 34, '<') 
 22075
(125, 20, '<') 
 12043
(126, 19, 'v') 
 13045
(127, 18, '<') 
 10035
(128, 17, 'v') 
 11037
(129, 16, '<') 
 8031
(129, 14, '<') 
 8033
(130, 15, 'v') 
 9033
(130, 17, 'v') 
 11039
(133, 18, '>') 
 8027
(133, 20, '>') 
 8029
(134, 19, 'v') 
 9029
(135, 18, '<') 
 10031
(136, 17, 'v') 
 11033
(134, 17, '^') 
 7025
(132, 17, '^') 
 7027
(128, 17, '^') 
 7031
(127, 18, '>') 
 8033
(128, 19, 'v') 
 9035
(129, 20, '>') 
 10033
(137, 32, '>') 
 20061
(139, 36, '>') 
 22067
(139, 40, '>') 
 22071
(138, 39, '^') 
 23071
(135, 38, '>') 
 20069
(135, 40, '>') 
 20071
(135, 44, '>') 
 20075
(136, 45, 'v') 
 21077
(139, 48, '>') 
 22083
(138, 47, '^') 
 23083
(139, 58, '>') 
 26101
(139, 66, '>') 
 26109
(138, 65, '^') 
 27109
(133, 60, '>') 
 24097
(133, 58, '<') 
 24097
(132, 59, '^') 
 29121
(131, 60, '>') 
 22095
(131, 62, '>') 
 22097
(131, 64, '>') 
 22099
(132, 65, 'v') 
 23101
(133, 68, '>') 
 24105
(134, 71, 'v') 
 25109
(135, 70, '<') 
 26111
(131, 62, '<') 
 32127
(131, 60, '<') 
 26101
(131, 58, '<') 
 26103
(131, 56, '<') 
 26105
(131, 54, '<') 
 26095
(131, 52, '<') 
 26097
(131, 48, '<') 
 26101
(131, 46, '<') 
 26103
(131, 44, '<') 
 22081
(131, 42, '<') 
 22079
(127, 42, '>') 
 24085
(126, 45, 'v') 
 27091
(131, 46, '>') 
 22081
(131, 48, '>') 
 22083
(131, 50, '>') 
 22085
(131, 54, '>') 
 22089
(131, 56, '>') 
 22091
(131, 58, '>') 
 22093
(132, 59, 'v') 
 23095
(134, 59, 'v') 
 23097
(139, 64, '<') 
 26109
(139, 56, '<') 
 26101
(139, 46, '<') 
 34119
(135, 44, '<') 
 24085
(135, 42, '<') 
 24087
(135, 38, '<') 
 24075
(135, 36, '<') 
 24077
(135, 34, '<') 
 22083
(136, 31, 'v') 
 23079
(138, 31, 'v') 
 23081
(130, 19, 'v') 
 9037
(131, 20, '>') 
 10031
(132, 23, 'v') 
 11035
(136, 23, 'v') 
 11039
(139, 22, '<') 
 12043
(138, 19, '^') 
 9027
(137, 20, '>') 
 10029
(134, 23, '^') 
 9035
(131, 22, '<') 
 10039
(132, 19, 'v') 
 9039
(133, 18, '<') 
 10029
(134, 17, 'v') 
 11031
(135, 18, '>') 
 8025
(136, 19, 'v') 
 9027
(134, 19, '^') 
 9027
(132, 19, '^') 
 9029
(130, 19, '^') 
 9031
(128, 19, '^') 
 9033
(126, 19, '^') 
 9035
(125, 20, '>') 
 10037
(125, 22, '>') 
 10039
(128, 35, 'v') 
 21075
(129, 34, '<') 
 22073
(134, 35, 'v') 
 21081
(135, 36, '>') 
 20067
(136, 37, 'v') 
 21069
(139, 38, '<') 
 24075
(139, 34, '<') 
 22071
(136, 31, '^') 
 19061
(135, 32, '>') 
 20063
(136, 35, 'v') 
 21067
(134, 35, '^') 
 21067
(133, 34, '<') 
 22069
(130, 35, 'v') 
 21077
(131, 36, '>') 
 22071
(131, 38, '>') 
 22073
(130, 37, 'v') 
 25079
(131, 36, '<') 
 26081
(132, 35, 'v') 
 21079
(130, 35, '^') 
 21071
(128, 35, '^') 
 21073
(126, 35, '^') 
 21075
(122, 31, 'v') 
 29097
(123, 30, '<') 
 30099
(118, 23, 'v') 
 39129
(121, 22, '<') 
 40133
(122, 19, 'v') 
 29101
(123, 20, '>') 
 10039
(123, 18, '<') 
 10039
(123, 12, '<') 
 14049
(124, 13, 'v') 
 15049
(124, 19, 'v') 
 13043
(120, 19, '^') 
 9041
(118, 19, '^') 
 9043
(111, 18, '<') 
 18067
(110, 19, 'v') 
 21073
(108, 19, '^') 
 17069
(101, 18, '<') 
 24089
(101, 16, '<') 
 24091
(97, 12, '<') 
 26099
(97, 10, '<') 
 26101
(97, 8, '<') 
 26103
(98, 7, 'v') 
 27105
(102, 11, 'v') 
 31113
(108, 7, 'v') 
 27087
(109, 4, '<') 
 26083
(109, 2, '<') 
 26077
(110, 1, 'v') 
 27079
(112, 1, 'v') 
 27081
(120, 5, 'v') 
 31093
(122, 1, 'v') 
 35103
(125, 6, '>') 
 38123
(126, 7, 'v') 
 39125
(130, 9, 'v') 
 41131
(128, 9, '^') 
 9023
(124, 7, '^') 
 11029
(120, 1, '^') 
 15051
(118, 5, '^') 
 19061
(108, 1, '^') 
 23075
(107, 2, '>') 
 24077
(108, 5, 'v') 
 25081
(110, 5, 'v') 
 25079
(111, 6, '>') 
 26081
(113, 8, '>') 
 26085
(113, 6, '<') 
 28085
(113, 4, '<') 
 26083
(115, 6, '>') 
 26085
(119, 14, '>') 
 30101
(118, 13, '^') 
 29101
(111, 12, '>') 
 34115
(111, 10, '<') 
 36119
(100, 17, '^') 
 25091
(97, 14, '<') 
 26097
(98, 13, 'v') 
 27099
(102, 17, 'v') 
 25091
(112, 11, 'v') 
 35115
(120, 13, 'v') 
 41133
(115, 4, '<') 
 26085
(113, 6, '>') 
 26083
(112, 7, '^') 
 27085
(112, 5, 'v') 
 25081
(114, 5, 'v') 
 25083
(110, 5, '^') 
 29089
(108, 5, '^') 
 25079
(107, 4, '<') 
 26081
(108, 1, 'v') 
 27085
(109, 2, '>') 
 24075
(110, 3, 'v') 
 25077
(110, 1, '^') 
 23073
(106, 1, '^') 
 23077
(104, 5, 'v') 
 27085
(105, 6, '>') 
 26083
(106, 7, 'v') 
 27085
(104, 7, '^') 
 25085
(103, 8, '>') 
 26087
(102, 7, '^') 
 25087
(106, 5, 'v') 
 27087
(102, 5, '^') 
 25085
(99, 4, '<') 
 26089
(100, 1, 'v') 
 27093
(101, 2, '>') 
 28095
(102, 1, 'v') 
 27095
(98, 1, '^') 
 27093
(98, 5, 'v') 
 29099
(100, 5, 'v') 
 29101
(103, 4, '<') 
 26085
(96, 5, '^') 
 25091
(90, 7, 'v') 
 27101
(88, 7, '^') 
 27101
(87, 8, '>') 
 28103
(85, 10, '>') 
 30107
(86, 11, 'v') 
 31109
(85, 16, '>') 
 34117
(83, 14, '<') 
 36119
(81, 26, '>') 
 48159
(83, 24, '<') 
 50165
(81, 24, '>') 
 52169
(80, 25, '^') 
 53171
(84, 15, 'v') 
 37127
(85, 14, '<') 
 38129
(85, 10, '<') 
 36121
(85, 8, '<') 
 30107
(86, 9, 'v') 
 37123
(87, 6, '<') 
 28103
(87, 2, '<') 
 28107
(88, 1, 'v') 
 29109
(92, 3, 'v') 
 31115
(90, 3, '^') 
 31115
(86, 1, '^') 
 29109
(86, 3, '^') 
 29107
(83, 4, '<') 
 32113
(77, 2, '>') 
 38127
(73, 12, '>') 
 44145
(72, 11, '^') 
 45145
(71, 12, '>') 
 46147
(71, 14, '>') 
 46149
(69, 16, '<') 
 48155
(67, 14, '<') 
 50159
(71, 12, '<') 
 52165
(72, 11, 'v') 
 47163
(73, 10, '<') 
 48165
(78, 1, 'v') 
 55183
(84, 5, 'v') 
 61197
(87, 4, '>') 
 64203
(88, 7, 'v') 
 39127
(89, 6, '<') 
 28113
(97, 4, '<') 
 26091
(99, 2, '>') 
 28097
(98, 5, '^') 
 25089
(82, 5, '^') 
 31113
(76, 1, '^') 
 37127
(67, 4, '<') 
 42145
(68, 3, 'v') 
 43147
(69, 4, '>') 
 44149
(69, 2, '<') 
 44149
(70, 1, 'v') 
 45151
(68, 1, '^') 
 45151
(66, 3, '^') 
 43147
(63, 4, '>') 
 46155
(63, 6, '>') 
 46157
(63, 8, '>') 
 46151
(63, 10, '>') 
 46153
(64, 11, 'v') 
 47155
(65, 12, '>') 
 46153
(65, 10, '<') 
 46153
(63, 8, '<') 
 46157
(63, 6, '<') 
 46151
(63, 4, '<') 
 46153
(63, 2, '<') 
 46155
(67, 4, '>') 
 50163
(67, 6, '>') 
 50165
(66, 5, '^') 
 43145
(62, 3, '^') 
 47155
(59, 2, '>') 
 50161
(59, 6, '>') 
 50165
(58, 5, '^') 
 51165
(49, 2, '>') 
 54179
(53, 10, '>') 
 48171
(54, 11, 'v') 
 49173
(52, 11, '^') 
 49173
(49, 12, '>') 
 50177
(49, 10, '<') 
 50177
(47, 10, '>') 
 52181
(47, 12, '>') 
 52183
(45, 14, '>') 
 54187
(41, 18, '>') 
 58195
(41, 16, '<') 
 58195
(42, 13, 'v') 
 59199
(40, 13, '^') 
 59199
(42, 17, 'v') 
 61207
(45, 12, '<') 
 54187
(46, 11, 'v') 
 53189
(47, 10, '<') 
 54191
(48, 9, 'v') 
 55193
(50, 11, 'v') 
 57197
(53, 10, '<') 
 58201
(53, 8, '<') 
 58203
(59, 10, '<') 
 46159
(60, 11, 'v') 
 51163
(63, 10, '<') 
 46155
(64, 9, 'v') 
 47153
(66, 11, 'v') 
 47157
(69, 10, '<') 
 46149
(70, 9, 'v') 
 47151
(68, 9, '^') 
 47151
(70, 11, 'v') 
 47161
(64, 11, '^') 
 45153
(62, 11, '^') 
 45155
(58, 11, '^') 
 45159
(52, 9, '^') 
 49171
(50, 1, 'v') 
 55195
(59, 4, '<') 
 58209
(60, 1, 'v') 
 59213
(58, 1, '^') 
 49161
(48, 1, '^') 
 53179
(47, 2, '>') 
 54181
(47, 4, '>') 
 54183
(47, 6, '>') 
 54185
(46, 9, 'v') 
 55191
(44, 9, '^') 
 51183
(43, 10, '>') 
 52185
(44, 11, 'v') 
 53187
(45, 12, '>') 
 54185
(46, 13, 'v') 
 55187
(46, 11, '^') 
 53183
(44, 11, '^') 
 53185
(43, 10, '<') 
 54187
(43, 8, '<') 
 52185
(44, 9, 'v') 
 55189
(45, 8, '<') 
 52183
(47, 4, '<') 
 54189
(47, 2, '<') 
 54191
(48, 1, 'v') 
 55193
(46, 1, '^') 
 53181
(44, 3, 'v') 
 55187
(45, 4, '>') 
 56185
(46, 3, 'v') 
 55189
(42, 3, '^') 
 55187
(41, 2, '<') 
 56189
(35, 2, '>') 
 58197
(35, 4, '>') 
 56195
(35, 6, '>') 
 56197
(35, 8, '>') 
 56199
(35, 10, '>') 
 56201
(35, 12, '>') 
 54195
(35, 14, '>') 
 54197
(31, 12, '<') 
 56205
(32, 11, 'v') 
 57207
(33, 12, '>') 
 54197
(35, 12, '<') 
 56201
(35, 10, '<') 
 54195
(35, 8, '<') 
 54197
(35, 6, '<') 
 54199
(35, 4, '<') 
 54201
(35, 2, '<') 
 54203
(36, 1, 'v') 
 55205
(42, 3, 'v') 
 55209
(43, 2, '<') 
 56187
(40, 3, '^') 
 55189
(39, 4, '>') 
 56191
(42, 11, 'v') 
 57209
(40, 11, '^') 
 53189
(37, 12, '>') 
 54193
(33, 18, '>') 
 56203
(34, 19, 'v') 
 57205
(43, 24, '>') 
 62219
(39, 24, '<') 
 64225
(35, 22, '>') 
 68233
(35, 24, '>') 
 68235
(36, 25, 'v') 
 69237
(37, 26, '>') 
 64227
(37, 28, '>') 
 64229
(38, 27, 'v') 
 65229
(38, 25, 'v') 
 69239
(40, 25, 'v') 
 69241
(43, 22, '<') 
 62219
(47, 24, '>') 
 62203
(47, 26, '>') 
 62205
(45, 26, '<') 
 64209
(47, 24, '<') 
 66213
(47, 22, '<') 
 66215
(49, 20, '>') 
 56185
(50, 19, 'v') 
 73233
(68, 15, 'v') 
 49155
(70, 17, 'v') 
 51159
(70, 13, '^') 
 47149
(66, 15, '^') 
 49155
(49, 18, '<') 
 56185
(46, 23, '^') 
 63203
(42, 23, '^') 
 67211
(33, 18, '<') 
 58209
(34, 17, 'v') 
 57211
(38, 11, 'v') 
 57205
(41, 10, '<') 
 54189
(40, 3, 'v') 
 55207
(38, 3, '^') 
 55191
(37, 4, '>') 
 56193
(37, 6, '>') 
 56195
(34, 9, '^') 
 55197
(34, 11, 'v') 
 57201
(36, 11, 'v') 
 57203
(32, 11, '^') 
 53197
(31, 12, '>') 
 54199
(31, 14, '>') 
 54201
(34, 13, '^') 
 55197
(33, 10, '<') 
 54197
(36, 9, 'v') 
 55197
(37, 4, '<') 
 56203
(38, 3, 'v') 
 55205
(36, 3, '^') 
 55193
(34, 3, '^') 
 55195
(33, 4, '>') 
 56197
(19, 2, '>') 
 62217
(11, 16, '>') 
 68247
(9, 18, '>') 
 70251
(9, 16, '<') 
 70251
(12, 15, 'v') 
 69247
(13, 20, '>') 
 70253
(13, 22, '>') 
 70255
(13, 24, '>') 
 70257
(13, 26, '>') 
 70259
(13, 28, '>') 
 70261
(13, 30, '>') 
 70263
(13, 32, '>') 
 70265
(14, 31, 'v') 
 71265
(11, 34, '<') 
 74275
(1, 40, '>') 
 80297
(1, 46, '>') 
 84307
(5, 48, '>') 
 86313
(4, 51, 'v') 
 89319
(5, 54, '>') 
 90323
(7, 58, '>') 
 90337
(1, 60, '>') 
 94333
(7, 68, '>') 
 98347
(9, 68, '<') 
 94351
(9, 66, '<') 
 94353
(9, 64, '<') 
 94355
(9, 62, '<') 
 94341
(9, 60, '<') 
 94343
(9, 56, '<') 
 90335
(9, 54, '<') 
 90333
(9, 52, '<') 
 90331
(9, 50, '<') 
 90329
(9, 48, '<') 
 90327
(10, 47, 'v') 
 89321
(11, 48, '>') 
 88323
(11, 50, '>') 
 88325
(11, 52, '>') 
 88327
(11, 54, '>') 
 88329
(11, 56, '>') 
 88331
(11, 58, '>') 
 88333
(11, 62, '>') 
 88337
(12, 61, 'v') 
 89337
(13, 56, '<') 
 90335
(14, 53, 'v') 
 89331
(18, 51, 'v') 
 89333
(16, 51, '^') 
 91337
(11, 50, '<') 
 92327
(11, 48, '<') 
 92325
(11, 46, '<') 
 90323
(11, 44, '<') 
 88321
(11, 42, '<') 
 88319
(11, 38, '<') 
 88315
(19, 40, '>') 
 90327
(18, 39, '^') 
 91327
(15, 44, '<') 
 88325
(14, 45, 'v') 
 87323
(16, 45, 'v') 
 87325
(19, 38, '<') 
 90335
(11, 40, '>') 
 88315
(11, 44, '>') 
 88319
(11, 46, '>') 
 88321
(12, 47, 'v') 
 89323
(10, 49, '^') 
 89325
(9, 50, '>') 
 90323
(9, 52, '>') 
 90325
(9, 54, '>') 
 90327
(9, 56, '>') 
 90329
(9, 58, '>') 
 90331
(9, 62, '>') 
 90335
(9, 64, '>') 
 90337
(9, 66, '>') 
 90339
(9, 68, '>') 
 90341
(9, 70, '>') 
 90343
(7, 66, '<') 
 92351
(6, 67, '^') 
 93351
(1, 58, '<') 
 96349
(1, 52, '<') 
 90339
(1, 50, '<') 
 90321
(2, 51, 'v') 
 91341
(3, 50, '<') 
 92339
(5, 46, '<') 
 86313
(5, 44, '<') 
 86315
(7, 42, '>') 
 88321
(7, 40, '<') 
 88321
(6, 45, 'v') 
 87315
(7, 46, '>') 
 88317
(9, 48, '>') 
 90321
(10, 49, 'v') 
 91323
(12, 49, 'v') 
 89325
(10, 47, '^') 
 89323
(8, 47, '^') 
 89325
(8, 45, 'v') 
 87317
(9, 44, '<') 
 88319
(9, 42, '<') 
 88321
(9, 38, '<') 
 88325
(1, 38, '<') 
 94341
(12, 35, 'v') 
 101363
(13, 30, '<') 
 98349
(13, 28, '<') 
 74267
(13, 26, '<') 
 74269
(13, 24, '<') 
 74271
(13, 22, '<') 
 74261
(13, 20, '<') 
 74263
(13, 18, '<') 
 74265
(11, 14, '<') 
 76271
(20, 1, 'v') 
 83301
(34, 3, 'v') 
 57213
(36, 3, 'v') 
 55203
(32, 3, '^') 
 55197
(31, 2, '<') 
 56199
(30, 3, '^') 
 55199
(27, 2, '>') 
 58205
(26, 1, '^') 
 57205
(18, 1, '^') 
 61217
(12, 3, 'v') 
 63227
(14, 5, 'v') 
 65231
(17, 6, '>') 
 66235
(17, 4, '<') 
 66235
(12, 5, '^') 
 65231
(10, 3, '^') 
 63227
(12, 19, '^') 
 71253
(7, 12, '<') 
 74269
(8, 13, 'v') 
 75269
(7, 4, '<') 
 78281
(3, 2, '>') 
 80289
(1, 8, '>') 
 82297
(1, 12, '>') 
 82301
(3, 20, '>') 
 84311
(1, 24, '>') 
 86317
(1, 30, '>') 
 86323
(2, 29, 'v') 
 87323
(1, 22, '<') 
 86317
(3, 18, '<') 
 84311
(2, 11, 'v') 
 83301
(3, 8, '<') 
 84305
(4, 7, 'v') 
 83299
(5, 10, '>') 
 84303
(7, 28, '<') 
 94333
(8, 29, 'v') 
 75281
(9, 30, '>') 
 76283
(9, 28, '<') 
 76283
(4, 9, '^') 
 85303
(3, 10, '>') 
 84301
(1, 10, '<') 
 86305
(1, 6, '<') 
 86309
(4, 1, 'v') 
 89317
(8, 5, 'v') 
 91325
(7, 14, '>') 
 94337
(6, 5, '^') 
 77281
(5, 4, '<') 
 78283
(4, 5, '^') 
 77283
(2, 1, '^') 
 79289
(2, 7, 'v') 
 83297
(3, 8, '>') 
 84299
(4, 9, 'v') 
 85301
(5, 8, '<') 
 84311
(2, 7, '^') 
 85307
(14, 21, 'v') 
 71255
(15, 22, '>') 
 72257
(16, 23, 'v') 
 71259
(14, 23, '^') 
 73259
(12, 23, '^') 
 71257
(15, 20, '<') 
 72257
(14, 23, 'v') 
 71257
(15, 22, '<') 
 72259
(14, 21, '^') 
 73261
(14, 25, 'v') 
 71259
(19, 30, '<') 
 74279
(25, 32, '>') 
 76277
(25, 30, '<') 
 82301
(29, 28, '<') 
 76271
(31, 28, '>') 
 74267
(32, 29, 'v') 
 75269
(30, 29, '^') 
 75269
(28, 29, '^') 
 75271
(24, 31, '^') 
 77277
(19, 32, '>') 
 84299
(20, 31, 'v') 
 75279
(31, 26, '<') 
 78275
(27, 26, '>') 
 80281
(25, 22, '<') 
 70253
(23, 18, '<') 
 72259
(18, 13, 'v') 
 79275
(23, 14, '>') 
 62225
(23, 12, '<') 
 80281
(21, 10, '>') 
 60219
(21, 8, '<') 
 82287
(28, 11, 'v') 
 89303
(29, 10, '<') 
 54201
(32, 7, 'v') 
 57207
(30, 7, '^') 
 55203
(30, 11, 'v') 
 59209
(26, 11, '^') 
 53203
(16, 13, '^') 
 63231
(15, 14, '>') 
 64233
(25, 24, '>') 
 70253
(27, 24, '<') 
 72261
(28, 25, 'v') 
 73261
(30, 27, '^') 
 75267
(30, 29, 'v') 
 77271
(31, 28, '<') 
 78273
(14, 13, '^') 
 63233
(24, 19, 'v') 
 71247
(33, 22, '<') 
 66233
(36, 21, 'v') 
 65233
(38, 25, '^') 
 63225
(36, 25, '^') 
 63227
(35, 24, '<') 
 64229
(35, 22, '<') 
 64231
(34, 21, '^') 
 65233
(34, 23, 'v') 
 67237
(32, 23, '^') 
 65233
(23, 20, '>') 
 70247
(24, 23, '^') 
 73253
(16, 13, 'v') 
 79273
(17, 14, '>') 
 64231
(34, 23, '^') 
 65231
(34, 25, '^') 
 63229
(35, 32, '>') 
 66239
(36, 31, 'v') 
 67239
(41, 32, '<') 
 70247
(46, 27, 'v') 
 65209
(48, 25, 'v') 
 63205
(49, 26, '>') 
 64207
(53, 34, '>') 
 68223
(54, 35, 'v') 
 69225
(55, 36, '>') 
 70227
(49, 38, '>') 
 72235
(48, 37, '^') 
 71235
(45, 32, '<') 
 70227
(44, 33, '^') 
 73243
(40, 33, '^') 
 69223
(35, 30, '<') 
 72231
(55, 34, '<') 
 70227
(52, 35, '^') 
 69225
(53, 32, '<') 
 68223
(53, 30, '<') 
 68225
(54, 29, 'v') 
 69227
(52, 29, '^') 
 69227
(51, 30, '>') 
 70229
(51, 28, '<') 
 70229
(61, 30, '>') 
 72235
(62, 33, 'v') 
 71251
(63, 32, '<') 
 66225
(57, 22, '<') 
 70221
(57, 20, '<') 
 70223
(57, 18, '<') 
 62209
(56, 19, '^') 
 71225
(56, 15, 'v') 
 73231
(59, 16, '>') 
 62203
(63, 22, '>') 
 64213
(65, 24, '>') 
 56185
(66, 23, 'v') 
 65217
(73, 28, '>') 
 52173
(73, 26, '<') 
 68229
(64, 21, 'v') 
 57189
(65, 20, '<') 
 58191
(58, 15, '^') 
 59199
(55, 16, '>') 
 60203
(57, 20, '>') 
 62209
(57, 22, '>') 
 62211
(58, 23, 'v') 
 63213
(64, 33, 'v') 
 71253
(65, 34, '>') 
 66223
(66, 35, 'v') 
 67225
(67, 38, '>') 
 68245
(63, 50, '>') 
 72261
(63, 52, '>') 
 72263
(63, 54, '>') 
 72265
(63, 56, '>') 
 72267
(63, 58, '>') 
 72269
(68, 65, 'v') 
 75281
(69, 66, '>') 
 76283
(70, 65, 'v') 
 75283
(74, 63, 'v') 
 77289
(72, 63, '^') 
 77289
(71, 74, '>') 
 94337
(67, 72, '<') 
 96345
(61, 74, '>') 
 102363
(61, 72, '<') 
 102363
(66, 73, '^') 
 97345
(57, 78, '>') 
 102367
(58, 83, 'v') 
 91333
(55, 82, '<') 
 96347
(51, 78, '<') 
 100355
(51, 76, '<') 
 86321
(50, 77, '^') 
 101357
(47, 76, '<') 
 88321
(47, 74, '<') 
 88323
(48, 73, 'v') 
 89325
(49, 72, '<') 
 84311
(44, 67, 'v') 
 87323
(50, 69, 'v') 
 89331
(54, 67, 'v') 
 95345
(52, 67, '^') 
 95345
(48, 69, '^') 
 89331
(42, 67, '^') 
 87323
(27, 60, '<') 
 118401
(17, 84, '>') 
 132533
(18, 85, 'v') 
 133535
(19, 86, '>') 
 112477
(18, 83, 'v') 
 113481
(28, 61, 'v') 
 117401
(26, 61, '^') 
 133541
(43, 68, '>') 
 164619
(50, 73, 'v') 
 89327
(59, 66, '<') 
 78291
(59, 64, '<') 
 78293
(58, 65, '^') 
 79293
(49, 64, '<') 
 84307
(51, 62, '>') 
 88317
(62, 67, 'v') 
 95349
(65, 66, '<') 
 96353
(67, 64, '<') 
 98357
(63, 56, '<') 
 80277
(63, 54, '<') 
 80279
(63, 52, '<') 
 78273
(63, 50, '<') 
 78275
(63, 48, '<') 
 72261
(61, 46, '>') 
 72251
(61, 48, '>') 
 72253
(60, 47, '^') 
 73253
(55, 48, '>') 
 74259
(55, 52, '>') 
 74263
(56, 51, 'v') 
 75263
(57, 52, '>') 
 76265
(57, 54, '>') 
 76267
(57, 56, '>') 
 76269
(57, 58, '>') 
 76271
(58, 57, 'v') 
 77271
(56, 55, '^') 
 77269
(47, 54, '<') 
 82283
(48, 53, 'v') 
 83285
(49, 50, '<') 
 88301
(50, 47, 'v') 
 89305
(43, 46, '>') 
 92317
(37, 46, '<') 
 96329
(35, 46, '>') 
 98333
(36, 47, 'v') 
 99335
(37, 48, '>') 
 100337
(44, 45, 'v') 
 105349
(49, 48, '>') 
 90309
(50, 51, 'v') 
 91313
(47, 54, '>') 
 84289
(48, 55, 'v') 
 85291
(57, 54, '<') 
 90305
(57, 52, '<') 
 78271
(58, 51, 'v') 
 75265
(59, 52, '>') 
 76267
(59, 54, '>') 
 76269
(58, 53, '^') 
 77269
(60, 51, 'v') 
 75267
(56, 51, '^') 
 75273
(55, 50, '<') 
 76275
(55, 46, '<') 
 74259
(53, 46, '>') 
 76263
(53, 44, '<') 
 76263
(53, 42, '<') 
 76265
(54, 43, 'v') 
 77265
(52, 43, '^') 
 77265
(56, 47, 'v') 
 77279
(61, 46, '<') 
 78285
(61, 44, '<') 
 72251
(64, 49, 'v') 
 75261
(68, 37, 'v') 
 67245
(65, 34, '<') 
 70253
(66, 33, 'v') 
 71255
(75, 32, '<') 
 60189
(77, 28, '>') 
 62201
(81, 30, '>') 
 64207
(81, 32, '>') 
 54177
(82, 33, 'v') 
 55179
(80, 33, '^') 
 55179
(75, 34, '>') 
 58197
(64, 33, '^') 
 65223
(62, 33, '^') 
 65225
(61, 32, '<') 
 66227
(61, 28, '<') 
 66231
(52, 29, 'v') 
 71249
(53, 30, '>') 
 72251
(53, 32, '>') 
 70241
(52, 33, '^') 
 71243
(49, 24, '<') 
 64207
(48, 25, '^') 
 69227
(46, 25, '^') 
 63205
(44, 27, '^') 
 63209
(42, 33, 'v') 
 69223
(45, 34, '>') 
 70227
(50, 37, 'v') 
 71235
(54, 35, '^') 
 73243
(53, 34, '<') 
 74245
(54, 31, 'v') 
 69225
(62, 29, 'v') 
 67231
(60, 29, '^') 
 67231
(60, 33, '^') 
 65227
(57, 38, '>') 
 66235
(58, 39, 'v') 
 67237
(64, 41, 'v') 
 69245
(62, 41, '^') 
 69245
(56, 39, '^') 
 67237
(55, 40, '>') 
 68239
(54, 39, '^') 
 67239
(36, 39, 'v') 
 83287
(34, 39, '^') 
 83287
(31, 40, '>') 
 92319
(27, 36, '<') 
 94329
(25, 40, '>') 
 96333
(24, 47, 'v') 
 103359
(21, 54, '>') 
 100371
(23, 56, '>') 
 102375
(23, 54, '<') 
 98367
(24, 53, 'v') 
 99369
(31, 48, '>') 
 100343
(31, 46, '<') 
 112403
(35, 44, '>') 
 114411
(36, 45, 'v') 
 99333
(36, 47, '^') 
 97329
(35, 46, '<') 
 98331
(35, 44, '<') 
 98333
(35, 42, '<') 
 98335
(34, 43, '^') 
 99335
(30, 47, '^') 
 101343
(23, 54, '>') 
 102373
(22, 55, '^') 
 99367
(21, 52, '<') 
 100371
(23, 48, '>') 
 104383
(25, 38, '<') 
 102357
(26, 37, 'v') 
 103359
(27, 38, '>') 
 104361
(31, 38, '<') 
 92319
(30, 39, '^') 
 107371
(35, 38, '<') 
 116403
(56, 39, 'v') 
 79283
(57, 38, '<') 
 80285
(57, 36, '<') 
 70243
(58, 37, 'v') 
 67235
(24, 37, '^') 
 95331
(24, 39, '^') 
 97333
(26, 37, '^') 
 95329
(25, 38, '>') 
 96331
(22, 47, '^') 
 103359
(22, 53, 'v') 
 101371
(22, 53, '^') 
 99369
(34, 47, '^') 
 97331
(82, 31, 'v') 
 65209
(85, 28, '<') 
 66215
(85, 26, '<') 
 60197
(83, 26, '>') 
 50165
(81, 24, '<') 
 48159
(81, 22, '<') 
 48161
(82, 21, 'v') 
 49163
(84, 19, 'v') 
 51167
(89, 24, '<') 
 56179
(90, 25, 'v') 
 55179
(94, 27, 'v') 
 57181
(102, 29, 'v') 
 59191
(109, 24, '<') 
 66207
(113, 32, '>') 
 70225
(114, 33, 'v') 
 41139
(112, 33, '^') 
 71227
(105, 34, '>') 
 40131
(105, 32, '<') 
 72235
(106, 31, 'v') 
 39129
(104, 31, '^') 
 73237
(103, 32, '>') 
 74239
(127, 38, '>') 
 24077
(123, 40, '>') 
 26083
(119, 44, '>') 
 28091
(117, 42, '<') 
 28093
(122, 39, 'v') 
 31101
(124, 39, 'v') 
 31103
(128, 37, 'v') 
 33109
(129, 38, '>') 
 24075
(130, 37, '^') 
 23073
(128, 37, '^') 
 23075
(126, 37, '^') 
 23077
(104, 31, 'v') 
 39127
(105, 32, '>') 
 40129
(106, 33, 'v') 
 41131
(113, 32, '<') 
 42139
(113, 30, '<') 
 42141
(112, 31, '^') 
 43141
(109, 26, '>') 
 46159
(101, 28, '<') 
 54175
(93, 26, '<') 
 56185
(88, 25, '^') 
 57191
(83, 20, '>') 
 52179
(81, 22, '>') 
 54183
(82, 23, 'v') 
 49161
(84, 25, 'v') 
 51165
(85, 28, '>') 
 52169
(85, 30, '>') 
 52171
(81, 30, '<') 
 54177
(82, 29, 'v') 
 55179
(80, 29, '^') 
 55179
(77, 26, '<') 
 56185
(76, 33, 'v') 
 59197
(81, 32, '<') 
 64207
(78, 27, 'v') 
 57185
(86, 29, 'v') 
 53171
(86, 27, 'v') 
 53169
(91, 28, '<') 
 56177
(92, 29, 'v') 
 55177
(80, 21, '^') 
 49163
(75, 20, '<') 
 50169
(75, 18, '<') 
 50171
(77, 16, '<') 
 52175
(79, 16, '>') 
 54179
(76, 17, '^') 
 55183
(75, 20, '>') 
 52175
(76, 21, 'v') 
 53177
(74, 21, '^') 
 49169
(76, 19, 'v') 
 51171
(79, 14, '<') 
 52179
(78, 17, 'v') 
 51175
(78, 15, '^') 
 53179
(82, 19, '^') 
 51167
(92, 27, '^') 
 55185
(90, 29, '^') 
 57189
(100, 29, '^') 
 53175
(108, 25, '^') 
 47159
(101, 24, '<') 
 48167
(100, 25, '^') 
 47167
(102, 31, '^') 
 39127
(91, 34, '>') 
 44145
(92, 33, 'v') 
 45145
(83, 44, '>') 
 58191
(84, 43, 'v') 
 59191
(85, 52, '>') 
 56185
(85, 54, '>') 
 56187
(79, 50, '<') 
 62203
(80, 51, 'v') 
 63203
(79, 40, '<') 
 70221
(75, 52, '>') 
 82299
(76, 51, 'v') 
 91279
(73, 58, '<') 
 94293
(73, 54, '<') 
 78281
(71, 52, '>') 
 78275
(71, 56, '>') 
 78279
(69, 56, '<') 
 80283
(68, 57, '^') 
 75275
(72, 55, 'v') 
 77279
(73, 56, '>') 
 78281
(74, 59, 'v') 
 79285
(75, 50, '<') 
 82299
(79, 42, '>') 
 102357
(79, 52, '>') 
 110375
(85, 52, '<') 
 56187
(86, 51, 'v') 
 57189
(87, 52, '>') 
 54183
(87, 50, '<') 
 58191
(89, 50, '>') 
 54179
(93, 52, '>') 
 58189
(89, 56, '>') 
 60197
(93, 58, '>') 
 50171
(95, 56, '<') 
 52177
(97, 50, '<') 
 46161
(95, 46, '<') 
 48167
(94, 47, '^') 
 49167
(93, 44, '<') 
 50171
(92, 45, '^') 
 51171
(91, 46, '>') 
 52173
(92, 49, 'v') 
 53177
(90, 49, '^') 
 53177
(88, 49, '^') 
 53179
(86, 51, '^') 
 55183
(84, 51, '^') 
 55185
(83, 42, '<') 
 60199
(91, 32, '<') 
 74245
(90, 45, '^') 
 51173
(87, 42, '<') 
 52183
(88, 41, 'v') 
 53185
(86, 41, '^') 
 53185
(88, 43, 'v') 
 55183
(95, 42, '>') 
 58181
(104, 49, 'v') 
 43157
(109, 48, '>') 
 46165
(111, 58, '>') 
 52181
(116, 55, 'v') 
 37119
(117, 56, '>') 
 36129
(119, 58, '>') 
 38133
(119, 56, '<') 
 38133
(120, 57, 'v') 
 37133
(117, 54, '<') 
 38121
(118, 53, 'v') 
 39123
(121, 54, '>') 
 36123
(123, 56, '>') 
 38127
(121, 62, '>') 
 32111
(119, 64, '>') 
 32115
(119, 68, '>') 
 34115
(120, 71, 'v') 
 35119
(121, 66, '<') 
 36125
(123, 62, '<') 
 30107
(121, 60, '<') 
 32111
(123, 54, '<') 
 34119
(120, 53, '^') 
 35123
(117, 54, '>') 
 36127
(116, 55, '^') 
 37129
(115, 56, '>') 
 38119
(111, 56, '<') 
 40133
(109, 46, '<') 
 46149
(110, 45, 'v') 
 47151
(111, 46, '>') 
 48153
(111, 44, '<') 
 48153
(112, 41, 'v') 
 49157
(110, 41, '^') 
 49157
(109, 42, '>') 
 50159
(103, 40, '<') 
 54169
(102, 41, '^') 
 53169
(101, 38, '<') 
 52181
(97, 38, '>') 
 54187
(97, 36, '<') 
 54187
(100, 39, '^') 
 55173
(94, 41, '^') 
 49173
(87, 44, '>') 
 52183
(92, 45, 'v') 
 55193
(93, 46, '>') 
 56195
(95, 48, '>') 
 58199
(97, 52, '>') 
 46161
(95, 58, '>') 
 48169
(94, 57, 'v') 
 51175
(92, 57, '^') 
 49171
(90, 55, 'v') 
 51177
(94, 51, 'v') 
 53185
(92, 51, '^') 
 53185
(90, 49, 'v') 
 57195
(91, 48, '<') 
 58197
(88, 55, '^') 
 51177
(83, 58, '>') 
 54185
(83, 60, '>') 
 54187
(84, 57, 'v') 
 59201
(84, 59, 'v') 
 55187
(91, 62, '>') 
 74253
(97, 62, '>') 
 78263
(97, 64, '>') 
 78265
(97, 68, '>') 
 78269
(97, 72, '>') 
 78273
(97, 74, '>') 
 78275
(95, 82, '>') 
 86301
(95, 80, '<') 
 86301
(95, 78, '<') 
 86303
(81, 76, '<') 
 94327
(81, 74, '<') 
 88305
(81, 72, '<') 
 88307
(81, 68, '<') 
 88311
(81, 66, '<') 
 88313
(82, 65, 'v') 
 89315
(84, 63, 'v') 
 91319
(85, 64, '>') 
 92321
(85, 62, '<') 
 92321
(82, 63, '^') 
 91319
(80, 65, '^') 
 89315
(82, 67, 'v') 
 89313
(83, 70, '>') 
 90313
(85, 74, '>') 
 92319
(81, 78, '>') 
 88307
(95, 80, '>') 
 104351
(94, 81, '^') 
 105353
(97, 72, '<') 
 94315
(97, 70, '<') 
 94317
(97, 66, '<') 
 94321
(97, 62, '<') 
 94325
(97, 60, '<') 
 78263
(96, 61, '^') 
 95327
(91, 60, '<') 
 74253
(90, 61, '^') 
 99337
(83, 58, '<') 
 58199
(82, 57, '^') 
 53185
(96, 63, '^') 
 79265
(98, 67, 'v') 
 79269
(101, 70, '>') 
 82275
(101, 68, '<') 
 82275
(103, 68, '>') 
 84279
(104, 67, 'v') 
 83279
(96, 71, '^') 
 79273
(98, 73, 'v') 
 79275
(96, 79, 'v') 
 87303
(86, 73, 'v') 
 91315
(82, 69, '^') 
 91317
(81, 70, '>') 
 92319
(81, 74, '>') 
 90311
(81, 76, '>') 
 88305
(82, 77, 'v') 
 89307
(85, 72, '<') 
 90315
(83, 68, '<') 
 90313
(81, 68, '>') 
 92317
(82, 69, 'v') 
 89311
(82, 75, 'v') 
 87305
(80, 75, '^') 
 91313
(78, 83, 'v') 
 79281
(76, 83, '^') 
 99337
(73, 82, '>') 
 102343
(74, 89, 'v') 
 79279
(85, 88, '>') 
 82293
(83, 94, '>') 
 64237
(83, 96, '>') 
 64239
(85, 100, '>') 
 68253
(96, 93, 'v') 
 71265
(105, 86, '>') 
 46175
(107, 84, '<') 
 48181
(103, 82, '>') 
 42165
(104, 83, 'v') 
 41167
(102, 83, '^') 
 43167
(101, 84, '>') 
 40165
(99, 86, '<') 
 42171
(98, 87, '^') 
 41171
(97, 88, '>') 
 42173
(96, 87, '^') 
 41173
(101, 82, '<') 
 44169
(101, 76, '<') 
 44175
(102, 75, 'v') 
 45177
(108, 79, 'v') 
 49187
(109, 82, '>') 
 34143
(112, 85, 'v') 
 37149
(110, 85, '^') 
 37149
(109, 88, '>') 
 38153
(113, 92, '>') 
 40161
(114, 93, 'v') 
 41163
(120, 95, 'v') 
 43171
(125, 82, '<') 
 34149
(125, 80, '<') 
 34151
(127, 74, '<') 
 28131
(129, 76, '>') 
 28129
(130, 79, 'v') 
 29133
(134, 81, 'v') 
 31139
(139, 80, '>') 
 30135
(138, 85, 'v') 
 33143
(136, 85, '^') 
 33143
(134, 87, 'v') 
 33153
(135, 88, '>') 
 34155
(136, 93, 'v') 
 37161
(134, 93, '^') 
 39165
(131, 94, '>') 
 36157
(131, 92, '<') 
 40169
(129, 86, '<') 
 34149
(129, 82, '<') 
 32145
(125, 82, '>') 
 30139
(126, 83, 'v') 
 31141
(127, 84, '>') 
 32143
(127, 88, '>') 
 32147
(125, 90, '>') 
 34151
(134, 101, 'v') 
 41171
(139, 102, '>') 
 40181
(139, 108, '>') 
 40187
(139, 110, '>') 
 40189
(137, 110, '<') 
 42193
(139, 108, '<') 
 44197
(139, 106, '<') 
 44199
(139, 100, '<') 
 42177
(139, 96, '>') 
 36167
(139, 94, '<') 
 46191
(134, 87, '^') 
 43171
(133, 86, '<') 
 34153
(137, 84, '<') 
 38163
(139, 78, '<') 
 34147
(135, 78, '>') 
 30129
(134, 77, '^') 
 35153
(134, 75, 'v') 
 31133
(135, 74, '<') 
 28123
(131, 76, '>') 
 28127
(132, 75, 'v') 
 31131
(133, 76, '>') 
 28125
(136, 77, 'v') 
 29129
(138, 79, '^') 
 31135
(133, 80, '<') 
 34143
(129, 78, '<') 
 36149
(129, 74, '<') 
 28129
(127, 76, '>') 
 28131
(126, 81, 'v') 
 31139
(130, 83, 'v') 
 31145
(129, 88, '>') 
 34149
(132, 93, 'v') 
 37157
(135, 92, '<') 
 38161
(136, 87, 'v') 
 33155
(138, 95, '^') 
 37167
(138, 101, '^') 
 41181
(133, 100, '<') 
 42187
(125, 88, '<') 
 34151
(126, 89, 'v') 
 49207
(127, 86, '<') 
 36155
(128, 83, 'v') 
 31143
(126, 83, '^') 
 33147
(124, 83, '^') 
 31141
(119, 94, '<') 
 38167
(113, 92, '<') 
 40175
(113, 90, '<') 
 40177
(109, 86, '<') 
 38153
(111, 84, '<') 
 40157
(109, 80, '<') 
 34143
(107, 78, '<') 
 36147
(101, 76, '>') 
 40157
(101, 78, '>') 
 40159
(102, 83, 'v') 
 41165
(103, 82, '<') 
 42167
(103, 80, '<') 
 42169
(104, 81, 'v') 
 43165
(107, 86, '>') 
 44173
(106, 85, 'v') 
 47179
(104, 85, '^') 
 45175
(95, 92, '<') 
 52193
(86, 99, 'v') 
 61225
(83, 92, '<') 
 64237
(85, 86, '<') 
 68249
(83, 82, '<') 
 70255
(84, 83, 'v') 
 71255
(84, 87, '^') 
 69249
(73, 88, '<') 
 72263
(73, 80, '<') 
 76275
(78, 73, 'v') 
 81287
(76, 73, '^') 
 81287
(74, 81, 'v') 
 77275
(77, 84, '>') 
 80281
(72, 89, '^') 
 71263
(71, 90, '>') 
 72265
(71, 92, '>') 
 72267
(70, 97, 'v') 
 75275
(73, 96, '>') 
 72261
(73, 100, '>') 
 72265
(74, 99, 'v') 
 73265
(75, 98, '<') 
 74267
(77, 92, '<') 
 80279
(79, 90, '<') 
 68247
(80, 91, 'v') 
 81283
(83, 94, '<') 
 64239
(84, 93, 'v') 
 65241
(84, 99, '^') 
 61225
(84, 95, 'v') 
 65239
(82, 95, '^') 
 65239
(78, 91, '^') 
 67247
(78, 93, 'v') 
 69251
(76, 99, 'v') 
 73267
(74, 99, '^') 
 75263
(73, 98, '<') 
 76265
(73, 94, '<') 
 76269
(75, 94, '>') 
 70253
(76, 93, 'v') 
 79277
(72, 95, '^') 
 73261
(69, 96, '<') 
 76267
(71, 90, '<') 
 78275
(71, 88, '<') 
 72265
(72, 89, 'v') 
 79277
(70, 91, '^') 
 73267
(69, 84, '<') 
 76279
(67, 80, '>') 
 80291
(67, 82, '>') 
 80293
(67, 86, '>') 
 78281
(65, 88, '>') 
 80285
(47, 82, '>') 
 88325
(47, 80, '<') 
 96333
(45, 76, '<') 
 86319
(47, 76, '>') 
 84315
(48, 77, 'v') 
 85317
(51, 78, '>') 
 86321
(52, 79, 'v') 
 87323
(56, 83, 'v') 
 91331
(57, 82, '<') 
 92333
(58, 77, 'v') 
 97343
(67, 74, '>') 
 102365
(72, 73, 'v') 
 105373
(73, 64, '>') 
 122421
(68, 65, '^') 
 123427
(66, 65, '^') 
 75281
(66, 67, 'v') 
 77285
(64, 67, '^') 
 77285
(61, 66, '<') 
 78289
(51, 60, '<') 
 88317
(45, 62, '>') 
 94335
(50, 65, 'v') 
 95343
(59, 66, '>') 
 100357
(60, 67, 'v') 
 95347
(58, 67, '^') 
 77291
(48, 73, '^') 
 83311
(47, 74, '>') 
 84313
(46, 75, '^') 
 85315
(45, 78, '>') 
 86319
(46, 81, '^') 
 89325
(66, 87, 'v') 
 85305
(67, 84, '<') 
 78281
(67, 80, '<') 
 78285
(68, 79, 'v') 
 79287
(69, 86, '>') 
 82299
(68, 85, '^') 
 77279
(66, 85, '^') 
 77281
(66, 79, '^') 
 79287
(68, 81, 'v') 
 79285
(68, 85, 'v') 
 81297
(64, 87, '^') 
 79285
(46, 77, 'v') 
 87319
(46, 73, '^') 
 83313
(43, 74, '>') 
 84317
(43, 76, '>') 
 84319
(41, 80, '<') 
 86327
(44, 73, 'v') 
 89341
(40, 81, '^') 
 85327
(49, 100, '>') 
 86381
(50, 105, 'v') 
 81371
(55, 104, '>') 
 84379
(54, 111, 'v') 
 87389
(55, 112, '>') 
 78355
(53, 120, '>') 
 76353
(57, 122, '>') 
 76355
(57, 124, '>') 
 74361
(61, 122, '<') 
 78361
(60, 123, '^') 
 77373
(57, 120, '>') 
 76353
(56, 121, '^') 
 75363
(53, 118, '<') 
 76353
(55, 110, '<') 
 78355
(56, 111, 'v') 
 79363
(57, 112, '>') 
 80365
(60, 117, 'v') 
 79377
(67, 126, '>') 
 78365
(67, 128, '>') 
 66323
(67, 130, '>') 
 64321
(67, 132, '>') 
 64323
(67, 134, '>') 
 64325
(68, 135, 'v') 
 65327
(73, 130, '<') 
 62313
(72, 127, 'v') 
 65319
(70, 127, '^') 
 65319
(67, 126, '<') 
 64323
(67, 124, '<') 
 64325
(59, 116, '<') 
 72341
(57, 110, '<') 
 76353
(69, 106, '<') 
 84289
(69, 104, '<') 
 84291
(70, 105, 'v') 
 81283
(71, 106, '>') 
 82285
(72, 107, 'v') 
 81287
(73, 116, '>') 
 86377
(71, 114, '<') 
 86375
(71, 112, '<') 
 86377
(71, 110, '<') 
 86379
(69, 112, '>') 
 88381
(69, 116, '>') 
 88313
(64, 107, 'v') 
 79355
(62, 107, '^') 
 93331
(62, 111, 'v') 
 95337
(65, 118, '>') 
 98347
(69, 122, '>') 
 70343
(69, 124, '>') 
 70329
(72, 123, 'v') 
 71347
(75, 132, '>') 
 62311
(81, 138, '>') 
 60299
(82, 139, 'v') 
 61301
(86, 137, 'v') 
 63303
(87, 136, '<') 
 60293
(87, 134, '<') 
 60295
(88, 131, 'v') 
 61299
(89, 132, '>') 
 62301
(94, 135, 'v') 
 65309
(99, 136, '>') 
 60283
(99, 138, '>') 
 60281
(100, 139, 'v') 
 61283
(101, 138, '<') 
 58277
(102, 137, 'v') 
 59279
(103, 138, '>') 
 60281
(104, 139, 'v') 
 61283
(105, 138, '<') 
 58273
(108, 139, 'v') 
 61279
(113, 138, '<') 
 58265
(114, 135, 'v') 
 59269
(115, 134, '<') 
 60267
(116, 133, 'v') 
 61269
(117, 132, '<') 
 62255
(117, 130, '<') 
 62257
(118, 129, 'v') 
 63259
(119, 130, '>') 
 60249
(121, 132, '>') 
 60249
(122, 133, 'v') 
 61251
(123, 132, '<') 
 62253
(123, 128, '<') 
 60245
(123, 124, '<') 
 60249
(123, 122, '<') 
 60251
(124, 123, 'v') 
 61251
(127, 120, '<') 
 64257
(119, 122, '>') 
 72277
(109, 126, '<') 
 62297
(117, 114, '<') 
 56257
(116, 115, '^') 
 75333
(113, 114, '<') 
 68293
(113, 112, '<') 
 68291
(117, 110, '<') 
 64273
(117, 104, '<') 
 64279
(117, 102, '<') 
 52237
(116, 103, '^') 
 65281
(115, 106, '>') 
 66285
(109, 104, '<') 
 48219
(108, 105, '^') 
 69299
(103, 98, '<') 
 46207
(102, 99, '^') 
 71311
(107, 94, '<') 
 76335
(111, 94, '>') 
 40177
(111, 98, '>') 
 40181
(110, 97, '^') 
 41181
(115, 96, '>') 
 38171
(119, 100, '>') 
 40179
(133, 106, '>') 
 44195
(134, 105, 'v') 
 49203
(135, 106, '>') 
 44197
(135, 108, '>') 
 42191
(135, 110, '>') 
 42193
(135, 112, '>') 
 42195
(135, 114, '>') 
 42197
(135, 116, '>') 
 42199
(135, 118, '>') 
 42201
(136, 117, 'v') 
 43201
(136, 115, 'v') 
 43199
(139, 120, '>') 
 46211
(138, 119, '^') 
 47211
(139, 134, '>') 
 54233
(137, 138, '>') 
 56239
(138, 139, 'v') 
 57241
(136, 139, '^') 
 57241
(135, 138, '<') 
 58243
(135, 136, '<') 
 56241
(136, 135, 'v') 
 57243
(134, 135, '^') 
 57243
(132, 137, 'v') 
 59249
(133, 138, '>') 
 56243
(134, 139, 'v') 
 57245
(136, 139, 'v') 
 57243
(137, 138, '<') 
 58245
(138, 137, 'v') 
 59247
(139, 132, '<') 
 54233
(139, 118, '<') 
 62255
(135, 114, '<') 
 66267
(135, 112, '<') 
 66269
(135, 110, '<') 
 42195
(135, 108, '<') 
 42197
(135, 106, '<') 
 42191
(135, 104, '<') 
 42193
(138, 107, 'v') 
 43201
(136, 107, '^') 
 41189
(134, 105, '^') 
 43193
(133, 104, '<') 
 44195
(119, 98, '<') 
 46191
(116, 95, 'v') 
 47203
(114, 95, '^') 
 37171
(111, 96, '<') 
 44193
(112, 93, 'v') 
 45197
(110, 93, '^') 
 39177
(107, 96, '>') 
 40183
(104, 99, 'v') 
 45207
(110, 105, 'v') 
 47219
(115, 104, '<') 
 50233
(117, 104, '>') 
 52237
(117, 106, '>') 
 52239
(118, 111, 'v') 
 53245
(121, 114, '>') 
 56251
(127, 110, '<') 
 58255
(123, 108, '>') 
 60263
(122, 107, '^') 
 59263
(122, 103, 'v') 
 61269
(120, 103, '^') 
 61269
(126, 111, '^') 
 59263
(122, 113, 'v') 
 55251
(116, 111, '^') 
 53245
(113, 114, '>') 
 54251
(114, 115, 'v') 
 55253
(118, 115, 'v') 
 55257
(110, 127, 'v') 
 61297
(120, 121, 'v') 
 67321
(128, 121, 'v') 
 63257
(126, 121, '^') 
 75341
(123, 124, '>') 
 78347
(123, 126, '>') 
 78349
(123, 130, '>') 
 60245
(124, 133, 'v') 
 61249
(120, 133, 'v') 
 61257
(121, 132, '<') 
 62251
(121, 130, '<') 
 62253
(122, 129, 'v') 
 63255
(124, 129, 'v') 
 63257
(125, 130, '>') 
 58243
(129, 130, '<') 
 60249
(127, 138, '>') 
 56249
(125, 138, '<') 
 58253
(126, 137, 'v') 
 59255
(127, 136, '<') 
 56249
(130, 131, 'v') 
 59249
(128, 131, '^') 
 61269
(125, 128, '<') 
 62275
(127, 128, '>') 
 56239
(127, 126, '<') 
 64279
(127, 124, '<') 
 56237
(130, 125, 'v') 
 59243
(132, 127, 'v') 
 61247
(130, 127, '^') 
 53231
(128, 125, '^') 
 55235
(127, 126, '>') 
 56237
(126, 127, '^') 
 57239
(124, 129, '^') 
 59243
(122, 129, '^') 
 59245
(121, 130, '>') 
 60247
(120, 131, '^') 
 61249
(120, 129, 'v') 
 63253
(118, 129, '^') 
 59249
(117, 130, '>') 
 60251
(117, 132, '>') 
 60253
(118, 133, 'v') 
 61255
(119, 134, '>') 
 62253
(122, 133, '^') 
 61249
(120, 133, '^') 
 61251
(118, 133, '^') 
 61253
(116, 133, '^') 
 61255
(115, 134, '>') 
 62257
(116, 135, 'v') 
 59271
(118, 139, 'v') 
 61277
(125, 138, '>') 
 56251
(126, 139, 'v') 
 57253
(128, 137, 'v') 
 59257
(129, 138, '>') 
 56247
(133, 138, '<') 
 58245
(134, 137, 'v') 
 59247
(135, 138, '>') 
 56241
(134, 139, '^') 
 57243
(132, 139, '^') 
 57245
(129, 136, '<') 
 56247
(130, 137, 'v') 
 59251
(131, 136, '<') 
 56245
(135, 136, '>') 
 58251
(136, 137, 'v') 
 59245
(134, 137, '^') 
 55241
(132, 137, '^') 
 55243
(130, 137, '^') 
 55245
(128, 137, '^') 
 55247
(126, 137, '^') 
 55249
(124, 137, '^') 
 55251
(117, 138, '<') 
 58261
(114, 135, '^') 
 59267
(113, 136, '>') 
 60269
(114, 139, 'v') 
 61273
(115, 138, '<') 
 58263
(116, 139, 'v') 
 61275
(112, 139, '^') 
 57265
(107, 138, '<') 
 58271
(106, 139, 'v') 
 61277
(104, 139, '^') 
 57273
(103, 138, '<') 
 58275
(103, 136, '<') 
 58277
(103, 134, '<') 
 58279
(103, 130, '<') 
 58283
(103, 128, '<') 
 58285
(103, 124, '<') 
 58289
(103, 118, '<') 
 58295
(103, 116, '<') 
 58297
(102, 117, '^') 
 59297
(99, 116, '>') 
 62303
(99, 120, '>') 
 62307
(100, 121, 'v') 
 61309
(101, 126, '>') 
 60295
(99, 128, '>') 
 62299
(99, 130, '>') 
 60289
(99, 132, '>') 
 60291
(99, 134, '>') 
 60293
(100, 135, 'v') 
 59283
(103, 136, '>') 
 60287
(102, 137, '^') 
 59277
(101, 138, '>') 
 60279
(102, 139, 'v') 
 61281
(100, 139, '^') 
 57277
(99, 138, '<') 
 58279
(99, 136, '<') 
 58281
(99, 134, '<') 
 58283
(99, 132, '<') 
 58285
(99, 130, '<') 
 58287
(99, 128, '<') 
 58289
(99, 126, '<') 
 58291
(101, 124, '<') 
 60295
(99, 120, '<') 
 62301
(99, 118, '<') 
 62303
(100, 115, 'v') 
 63279
(103, 118, '>') 
 66285
(103, 120, '>') 
 66287
(103, 126, '>') 
 66293
(103, 130, '>') 
 60293
(103, 132, '>') 
 60295
(102, 135, '^') 
 59279
(98, 135, '^') 
 59283
(93, 134, '<') 
 60289
(89, 130, '<') 
 62297
(88, 127, 'v') 
 63315
(91, 128, '>') 
 60299
(91, 130, '>') 
 60301
(92, 131, 'v') 
 61303
(97, 126, '<') 
 60293
(98, 127, 'v') 
 63309
(100, 127, 'v') 
 59291
(100, 125, '^') 
 61295
(98, 127, '^') 
 59291
(97, 128, '>') 
 60293
(91, 130, '<') 
 62303
(91, 128, '<') 
 62301
(91, 126, '<') 
 60299
(89, 124, '<') 
 62303
(85, 124, '>') 
 66313
(86, 125, 'v') 
 61311
(90, 125, 'v') 
 61315
(92, 127, 'v') 
 63303
(93, 128, '>') 
 60297
(93, 126, '<') 
 60297
(94, 127, 'v') 
 63305
(90, 127, '^') 
 59299
(87, 128, '>') 
 60303
(90, 131, 'v') 
 61301
(88, 131, '^') 
 61305
(87, 132, '>') 
 62307
(87, 136, '>') 
 62303
(88, 137, 'v') 
 63305
(97, 138, '>') 
 60283
(98, 139, 'v') 
 61285
(96, 139, '^') 
 57281
(98, 137, 'v') 
 59283
(100, 137, 'v') 
 59281
(86, 137, '^') 
 59293
(85, 138, '>') 
 60295
(81, 138, '<') 
 62301
(82, 137, 'v') 
 63303
(83, 136, '<') 
 60297
(83, 134, '<') 
 60299
(86, 131, 'v') 
 63305
(84, 131, '^') 
 61301
(79, 130, '<') 
 62307
(79, 124, '<') 
 62313
(75, 120, '>') 
 66331
(75, 122, '>') 
 66333
(77, 124, '>') 
 68337
(77, 122, '<') 
 68337
(74, 121, '^') 
 67333
(71, 120, '>') 
 70339
(70, 119, '^') 
 69339
(68, 121, '^') 
 71331
(65, 116, '<') 
 74339
(64, 117, '^') 
 75339
(61, 110, '<') 
 78349
(63, 108, '>') 
 80355
(69, 114, '<') 
 84373
(69, 110, '<') 
 84377
(71, 112, '>') 
 86379
(71, 114, '>') 
 86381
(71, 116, '>') 
 86375
(74, 115, 'v') 
 85377
(71, 106, '<') 
 82287
(72, 105, 'v') 
 81285
(77, 108, '>') 
 84381
(79, 106, '<') 
 86387
(82, 103, 'v') 
 83385
(83, 102, '<') 
 80371
(81, 104, '>') 
 80373
(79, 108, '>') 
 82379
(77, 106, '<') 
 84381
(70, 105, '^') 
 83289
(69, 106, '>') 
 80283
(70, 107, 'v') 
 81285
(68, 107, '^') 
 81285
(56, 111, '^') 
 77353
(54, 111, '^') 
 77355
(53, 110, '<') 
 78357
(56, 103, 'v') 
 81367
(51, 100, '>') 
 84379
(51, 98, '<') 
 84379
(49, 94, '>') 
 86387
(49, 92, '<') 
 86387
(52, 89, 'v') 
 89393
(55, 98, '>') 
 92405
(65, 94, '>') 
 98423
(66, 95, 'v') 
 99425
(64, 95, '^') 
 99425
(63, 100, '>') 
 100431
(65, 100, '<') 
 102435
(66, 101, 'v') 
 101435
(67, 102, '>') 
 102437
(68, 101, 'v') 
 101437
(62, 99, '^') 
 101431
(65, 92, '<') 
 98423
(59, 90, '<') 
 100431
(58, 91, '^') 
 99431
(54, 97, '^') 
 93405
(50, 89, '^') 
 89393
(50, 99, '^') 
 85379
(49, 98, '<') 
 82377
(42, 81, 'v') 
 87331
(43, 74, '<') 
 88339
(42, 73, '^') 
 83317
(42, 75, '^') 
 85319
(54, 103, '^') 
 81367
(49, 104, '<') 
 82371
(50, 99, 'v') 
 83377
(52, 99, 'v') 
 83379
(48, 105, '^') 
 83375
(47, 106, '>') 
 84377
(47, 108, '>') 
 80367
(45, 112, '>') 
 82373
(44, 111, '^') 
 81373
(41, 110, '>') 
 86387
(47, 116, '>') 
 80383
(47, 118, '>') 
 76365
(51, 120, '>') 
 78371
(51, 122, '>') 
 78373
(50, 121, '^') 
 79373
(51, 118, '<') 
 78371
(48, 115, 'v') 
 77367
(46, 115, '^') 
 77367
(41, 108, '<') 
 86391
(46, 111, 'v') 
 91405
(47, 106, '<') 
 80367
(47, 104, '<') 
 80369
(43, 104, '>') 
 84379
(44, 105, 'v') 
 85381
(42, 105, '^') 
 85381
(35, 100, '>') 
 86399
(36, 103, 'v') 
 87403
(34, 103, '^') 
 87403
(35, 98, '<') 
 92395
(35, 96, '<') 
 88397
(41, 96, '>') 
 86389
(39, 98, '>') 
 88393
(43, 102, '>') 
 90413
(44, 103, 'v') 
 91415
(48, 105, 'v') 
 81369
(43, 100, '<') 
 84381
(43, 94, '<') 
 84387
(42, 89, 'v') 
 87395
(40, 89, '^') 
 87395
(35, 90, '>') 
 88401
(40, 93, 'v') 
 91409
(38, 93, '^') 
 91409
(35, 88, '<') 
 88401
(37, 84, '>') 
 90409
(37, 82, '<') 
 90409
(38, 79, 'v') 
 91413
(36, 79, '^') 
 91413
(34, 69, 'v') 
 97431
(35, 70, '>') 
 98433
(37, 72, '>') 
 100437
(38, 71, 'v') 
 99437
(35, 68, '<') 
 98433
(33, 66, '<') 
 100437
(33, 62, '<') 
 100441
(34, 63, 'v') 
 101441
(32, 67, '^') 
 99437
(29, 70, '>') 
 98435
(33, 78, '>') 
 104451
(33, 82, '>') 
 104455
(33, 84, '>') 
 104457
(32, 83, '^') 
 105457
(31, 84, '>') 
 106459
(31, 86, '>') 
 106461
(29, 118, '>') 
 102435
(33, 122, '>') 
 84391
(33, 124, '>') 
 84393
(34, 123, 'v') 
 85393
(35, 124, '>') 
 86395
(23, 120, '<') 
 96421
(25, 116, '<') 
 98427
(29, 116, '<') 
 88403
(31, 84, '<') 
 114481
(32, 83, 'v') 
 115483
(33, 82, '<') 
 116485
(33, 80, '<') 
 116487
(33, 76, '<') 
 104451
(32, 77, '^') 
 117491
(30, 69, 'v') 
 101447
(33, 70, '>') 
 102451
(37, 80, '>') 
 108469
(36, 83, '^') 
 109473
(36, 89, 'v') 
 111481
(41, 90, '>') 
 112487
(43, 96, '>') 
 90407
(42, 101, '^') 
 85381
(40, 97, 'v') 
 87401
(42, 95, 'v') 
 89405
(40, 95, '^') 
 85389
(35, 98, '>') 
 86397
(36, 99, 'v') 
 87399
(43, 104, '<') 
 94413
(43, 102, '<') 
 84379
(36, 97, 'v') 
 87397
(38, 97, '^') 
 87393
(42, 95, '^') 
 85387
(28, 69, '^') 
 97435
(34, 67, 'v') 
 99445
(34, 69, '^') 
 101449
(32, 69, '^') 
 97431
(34, 81, 'v') 
 105455
(30, 83, '^') 
 105459
(30, 79, 'v') 
 107465
(28, 79, '^') 
 107465
(25, 80, '>') 
 108469
(26, 83, 'v') 
 109473
(24, 83, '^') 
 109473
(23, 84, '>') 
 110475
(22, 83, '^') 
 109475
(25, 78, '<') 
 108469
(21, 70, '>') 
 114487
(21, 68, '<') 
 114487
(30, 85, '^') 
 107461
(18, 85, '^') 
 111477
(17, 84, '<') 
 112479
(17, 82, '<') 
 112481
(20, 85, 'v') 
 133537
(16, 85, '^') 
 111479
(24, 117, '^') 
 93411
(23, 116, '<') 
 94413
(25, 108, '<') 
 98427
(24, 109, '^') 
 99427
(29, 100, '<') 
 102443
(29, 96, '<') 
 102447
(27, 96, '>') 
 104451
(26, 95, '^') 
 103451
(27, 92, '<') 
 106457
(26, 89, 'v') 
 109463
(29, 92, '>') 
 112473
(26, 93, '^') 
 113477
(28, 95, 'v') 
 115483
(29, 98, '>') 
 116487
(29, 102, '>') 
 116491
(25, 110, '>') 
 120507
(24, 117, 'v') 
 97425
(25, 118, '>') 
 92411
(24, 121, 'v') 
 95417
(35, 122, '<') 
 86395
(37, 122, '>') 
 88399
(39, 126, '>') 
 90405
(35, 132, '>') 
 94415
(35, 134, '>') 
 94417
(35, 136, '>') 
 94419
(36, 139, 'v') 
 95423
(39, 132, '<') 
 96421
(38, 133, '^') 
 99433
(35, 132, '<') 
 98425
(35, 130, '<') 
 94415
(36, 133, 'v') 
 95417
(39, 134, '>') 
 96421
(35, 138, '<') 
 100431
(35, 134, '<') 
 100435
(34, 133, '^') 
 95417
(36, 131, 'v') 
 99427
(39, 124, '<') 
 102437
(37, 120, '<') 
 88399
(36, 121, '^') 
 105443
(34, 123, '^') 
 107447
(33, 122, '<') 
 108449
(33, 120, '<') 
 106447
(33, 116, '<') 
 106451
(45, 124, '>') 
 74361
(41, 132, '>') 
 76365
(42, 137, 'v') 
 73363
(43, 138, '>') 
 70353
(41, 136, '<') 
 70355
(41, 130, '<') 
 70361
(45, 122, '<') 
 76381
(45, 120, '<') 
 74359
(47, 116, '<') 
 76365
(47, 114, '<') 
 76367
(50, 119, '^') 
 79379
(46, 117, '^') 
 81385
(45, 122, '>') 
 74359
(44, 123, '^') 
 75361
(33, 118, '>') 
 84387
(32, 121, '^') 
 85391
(28, 117, '^') 
 89403
(32, 117, '^') 
 85387
(46, 121, 'v') 
 77383
(49, 126, '>') 
 80367
(53, 130, '>') 
 70343
(54, 131, 'v') 
 71345
(56, 129, 'v') 
 73349
(57, 128, '<') 
 70339
(58, 127, 'v') 
 71341
(56, 127, '^') 
 71341
(55, 126, '<') 
 72343
(54, 127, '^') 
 71343
(58, 129, 'v') 
 73351
(59, 130, '>') 
 70337
(53, 134, '<') 
 74365
(52, 135, 'v') 
 73363
(54, 135, 'v') 
 73365
(60, 129, 'v') 
 73353
(58, 129, '^') 
 69337
(56, 129, '^') 
 69339
(55, 130, '>') 
 70341
(53, 130, '<') 
 72345
(54, 129, 'v') 
 73347
(52, 129, '^') 
 69343
(49, 124, '<') 
 70351
(50, 125, 'v') 
 71351
(57, 122, '<') 
 74361
(57, 120, '<') 
 74363
(58, 119, 'v') 
 75353
(62, 123, 'v') 
 77361
(56, 123, '^') 
 77357
(56, 119, '^') 
 75365
(55, 118, '<') 
 76367
(54, 119, '^') 
 75351
(52, 131, '^') 
 71345
(54, 129, '^') 
 69341
(50, 135, '^') 
 75351
(47, 132, '>') 
 76371
(47, 138, '>') 
 70349
(46, 137, 'v') 
 73355
(47, 136, '<') 
 70349
(48, 131, 'v') 
 71355
(51, 134, '<') 
 74363
(52, 135, '^') 
 75349
(46, 131, '^') 
 71355
(43, 134, '>') 
 72365
(43, 132, '<') 
 74361
(43, 130, '<') 
 72363
(42, 131, '^') 
 75363
(48, 137, 'v') 
 73357
(49, 138, '>') 
 70347
(50, 137, 'v') 
 73359
(55, 138, '>') 
 70341
(57, 138, '<') 
 72345
(57, 136, '<') 
 70339
(58, 137, 'v') 
 73347
(61, 134, '>') 
 66331
(69, 138, '<') 
 70345
(70, 139, 'v') 
 69325
(61, 132, '<') 
 72339
(67, 130, '<') 
 66327
(67, 128, '<') 
 64321
(68, 127, 'v') 
 65323
(71, 128, '>') 
 66327
(73, 132, '>') 
 62313
(67, 134, '<') 
 66323
(67, 132, '<') 
 66325
(66, 131, '^') 
 65323
(60, 133, '^') 
 67331
(57, 138, '>') 
 70339
(58, 139, 'v') 
 71341
(56, 139, '^') 
 71341
(56, 137, 'v') 
 73345
(54, 137, '^') 
 69341
(48, 137, '^') 
 69347
(46, 137, '^') 
 69349
(45, 138, '>') 
 70351
(44, 137, '^') 
 69351
(42, 137, '^') 
 69353
(40, 137, '^') 
 69355
(44, 137, 'v') 
 73365
(56, 137, '^') 
 69339
(66, 133, '^') 
 65325
(65, 134, '>') 
 66327
(65, 136, '>') 
 66325
(66, 135, 'v') 
 67329
(64, 133, '^') 
 65327
(66, 135, '^') 
 65323
(65, 134, '<') 
 66325
(66, 133, 'v') 
 67327
(74, 131, 'v') 
 69333
(75, 130, '<') 
 62311
(71, 124, '>') 
 70327
(69, 122, '<') 
 70329
(69, 120, '<') 
 70331
(72, 119, 'v') 
 71335
(75, 120, '<') 
 74341
(75, 118, '<') 
 66331
(79, 114, '>') 
 72353
(79, 112, '<') 
 72353
(82, 103, '^') 
 79371
(80, 103, '^') 
 79373
(84, 103, 'v') 
 83387
(80, 113, 'v') 
 91405
(76, 119, 'v') 
 75343
(79, 126, '>') 
 66317
(80, 131, 'v') 
 65323
(85, 132, '>') 
 62301
(83, 136, '>') 
 62299
(84, 137, 'v') 
 63301
(82, 137, '^') 
 59297
(80, 137, '^') 
 59299
(76, 131, 'v') 
 65319
(74, 131, '^') 
 61311
(72, 131, '^') 
 61313
(66, 129, '^') 
 63321
(84, 135, 'v') 
 61299
(78, 131, '^') 
 61307
(80, 125, 'v') 
 63313
(85, 122, '<') 
 62309
(88, 125, '^') 
 61303
(85, 124, '<') 
 62307
(84, 123, '^') 
 63309
(84, 125, '^') 
 61307
(84, 127, 'v') 
 63311
(82, 127, '^') 
 59307
(70, 123, 'v') 
 71345
(70, 123, '^') 
 69327
(68, 129, 'v') 
 67325
(42, 131, 'v') 
 71361
(43, 132, '>') 
 72363
(44, 133, 'v') 
 73365
(32, 123, '^') 
 85393
(40, 125, 'v') 
 91405
(41, 124, '<') 
 92407
(42, 125, 'v') 
 91407
(34, 135, '^') 
 95419
(29, 134, '<') 
 98429
(30, 135, 'v') 
 99429
(31, 130, '<') 
 98443
(30, 131, '^') 
 101435
(27, 132, '>') 
 102439
(26, 131, '^') 
 97439
(11, 138, '<') 
 108463
(11, 136, '<') 
 106453
(11, 134, '<') 
 106455
(11, 132, '<') 
 104445
(11, 130, '<') 
 102443
(11, 128, '<') 
 102445
(11, 126, '<') 
 102447
(15, 114, '<') 
 106467
(21, 112, '>') 
 110481
(21, 118, '>') 
 94415
(21, 120, '>') 
 94417
(22, 121, 'v') 
 95419
(20, 121, '^') 
 95419
(19, 126, '>') 
 96425
(13, 132, '>') 
 102441
(11, 134, '>') 
 102445
(11, 136, '>') 
 102447
(11, 138, '>') 
 102449
(12, 139, 'v') 
 103451
(28, 131, 'v') 
 97439
(31, 132, '>') 
 98443
(29, 136, '>') 
 100449
(10, 139, '^') 
 103451
(7, 130, '<') 
 102447
(11, 128, '>') 
 102455
(11, 130, '>') 
 102457
(11, 132, '>') 
 102443
(12, 133, 'v') 
 103445
(14, 131, 'v') 
 103461
(19, 124, '<') 
 98433
(21, 120, '<') 
 96419
(21, 118, '<') 
 96421
(21, 116, '<') 
 94415
(21, 110, '<') 
 94421
(21, 102, '>') 
 104443
(21, 106, '>') 
 104447
(20, 105, '^') 
 105447
(22, 101, 'v') 
 103443
(23, 100, '<') 
 104445
(15, 102, '>') 
 108457
(13, 104, '>') 
 110461
(13, 112, '>') 
 106457
(13, 116, '>') 
 100437
(14, 115, 'v') 
 105473
(15, 116, '>') 
 98435
(10, 127, '^') 
 103447
(7, 132, '>') 
 102447
(8, 131, 'v') 
 103463
(12, 131, 'v') 
 103459
(6, 131, '^') 
 101447
(5, 132, '>') 
 102449
(5, 136, '>') 
 102453
(1, 138, '>') 
 102459
(1, 139, '>') 
 102460
(1, 136, '<') 
 106463
(1, 134, '<') 
 104457
(1, 130, '<') 
 102453
(2, 131, 'v') 
 105461
(3, 132, '>') 
 102451
(4, 135, 'v') 
 103455
(5, 134, '<') 
 104457
(5, 130, '<') 
 102449
(5, 128, '<') 
 102451
(5, 126, '<') 
 102453
(5, 122, '<') 
 102457
(5, 120, '<') 
 102459
(6, 117, 'v') 
 103463
(7, 118, '>') 
 102445
(5, 128, '>') 
 102457
(5, 130, '>') 
 102459
(6, 131, 'v') 
 103461
(4, 131, '^') 
 101449
(2, 131, '^') 
 101451
(1, 132, '>') 
 102453
(1, 136, '>') 
 102457
(2, 137, 'v') 
 103459
(4, 135, '^') 
 103453
(3, 134, '<') 
 104455
(4, 131, 'v') 
 105459
(2, 135, '^') 
 103455
(2, 135, 'v') 
 103457
(4, 129, '^') 
 103451
(1, 124, '<') 
 106459
(5, 122, '>') 
 102451
(5, 124, '>') 
 102453
(6, 127, 'v') 
 103453
(8, 117, 'v') 
 103465
(10, 115, 'v') 
 105469
(13, 114, '<') 
 100437
(13, 110, '<') 
 100441
(14, 103, 'v') 
 101449
(15, 100, '<') 
 102453
(16, 101, 'v') 
 103453
(24, 101, 'v') 
 103445
(22, 101, '^') 
 107465
(20, 101, '^') 
 107467
(22, 111, 'v') 
 95421
(20, 111, '^') 
 95421
(14, 115, '^') 
 99435
(12, 115, '^') 
 99437
(9, 116, '>') 
 100441
(6, 117, '^') 
 101445
(5, 118, '>') 
 102447
(4, 121, '^') 
 103451
(1, 126, '>') 
 104459
(2, 125, 'v') 
 105459
(4, 117, '^') 
 101447
(1, 114, '<') 
 104457
(2, 115, 'v') 
 105457
(1, 106, '<') 
 106469
(1, 104, '<') 
 106471
(1, 102, '<') 
 106473
(2, 103, 'v') 
 107473
(3, 102, '<') 
 108475
(3, 100, '<') 
 108473
(7, 94, '>') 
 112485
(7, 96, '>') 
 112487
(7, 98, '>') 
 110481
(7, 100, '>') 
 110475
(7, 102, '>') 
 110473
(7, 106, '>') 
 110477
(8, 107, 'v') 
 109479
(6, 107, '^') 
 105463
(1, 108, '>') 
 106469
(1, 116, '>') 
 110485
(8, 105, 'v') 
 107465
(10, 101, 'v') 
 107471
(11, 100, '<') 
 108473
(11, 98, '<') 
 108475
(7, 96, '<') 
 106473
(7, 94, '<') 
 106475
(7, 92, '<') 
 106477
(7, 88, '<') 
 106481
(6, 89, '^') 
 107481
(1, 84, '<') 
 112407
(1, 78, '<') 
 108393
(2, 79, 'v') 
 117417
(3, 78, '<') 
 118419
(11, 78, '<') 
 102375
(13, 76, '>') 
 104381
(14, 75, 'v') 
 103381
(10, 79, '^') 
 123435
(17, 68, '<') 
 94351
(16, 69, '^') 
 131459
(13, 68, '>') 
 92345
(12, 67, '^') 
 93349
(4, 79, 'v') 
 107391
(1, 86, '>') 
 112403
(7, 90, '>') 
 120421
(6, 93, '^') 
 107477
(3, 102, '>') 
 108473
(4, 103, 'v') 
 107475
(7, 104, '<') 
 106465
(7, 100, '<') 
 106469
(7, 98, '<') 
 106471
(8, 97, 'v') 
 107473
(11, 100, '>') 
 108479
(12, 101, 'v') 
 107473
(18, 93, 'v') 
 109487
(16, 93, '^') 
 111487
(9, 94, '<') 
 108477
(8, 95, '^') 
 113497
(10, 101, '^') 
 109481
(9, 102, '>') 
 108471
(6, 105, '^') 
 107465
(2, 103, '^') 
 109471
(1, 104, '>') 
 110473
(1, 106, '>') 
 110475
(2, 107, 'v') 
 109473
(7, 106, '<') 
 106463
(2, 105, 'v') 
 107471
(8, 101, '^') 
 109471
(6, 101, '^') 
 107469
(5, 100, '<') 
 108471
(4, 101, '^') 
 107471
(10, 99, '^') 
 109475
(6, 99, '^') 
 107471
(6, 101, 'v') 
 109475
(8, 101, 'v') 
 107469
(4, 101, 'v') 
 109477
(2, 85, 'v') 
 113403
(2, 79, '^') 
 107391
(1, 80, '>') 
 108393
(8, 95, 'v') 
 107475
(10, 95, 'v') 
 107477
(17, 94, '>') 
 110487
(8, 115, '^') 
 99441
(7, 110, '<') 
 100447
(8, 111, 'v') 
 101447
(12, 103, '^') 
 101449
(12, 111, '^') 
 101441
(7, 112, '>') 
 106451
(4, 123, '^') 
 103453
(22, 117, 'v') 
 97423
(20, 117, '^') 
 93415
(17, 116, '>') 
 96421
(17, 114, '<') 
 96421
(20, 119, '^') 
 95417
(18, 125, '^') 
 97425
(18, 115, 'v') 
 99437
(12, 131, '^') 
 101441
(10, 131, '^') 
 101443
(12, 129, 'v') 
 103445
(12, 137, 'v') 
 103449
(13, 136, '<') 
 104451
(14, 137, 'v') 
 103451
(18, 133, 'v') 
 107459
(19, 134, '>') 
 108461
(19, 132, '<') 
 108461
(20, 131, 'v') 
 109463
(18, 131, '^') 
 109463
(16, 133, '^') 
 107459
(10, 137, '^') 
 103449
(12, 135, 'v') 
 103447
(12, 137, '^') 
 105451
(34, 139, '^') 
 95423
(22, 121, '^') 
 95417
(22, 117, '^') 
 93413
(28, 101, '^') 
 103443
(30, 97, 'v') 
 103447
(30, 91, 'v') 
 107461
(24, 89, '^') 
 109463
(23, 90, '>') 
 110465
(22, 89, '^') 
 109465
(28, 93, 'v') 
 105457
(29, 90, '<') 
 106461
(25, 90, '>') 
 110471
(48, 107, 'v') 
 85379
(52, 111, 'v') 
 87387
(50, 111, '^') 
 77359
(40, 109, '^') 
 87387
(52, 111, '^') 
 77357
(51, 110, '<') 
 78359
(78, 107, 'v') 
 85385
(80, 107, 'v') 
 83379
(78, 107, '^') 
 83379
(70, 107, '^') 
 83287
(72, 115, '^') 
 87309
(70, 115, '^') 
 87311
(72, 115, 'v') 
 85375
(72, 113, 'v') 
 87377
(70, 111, '^') 
 87379
(70, 111, 'v') 
 85377
(70, 115, 'v') 
 85373
(60, 111, '^') 
 77349
(80, 139, '^') 
 61301
(68, 139, '^') 
 69325
(84, 137, '^') 
 59295
(86, 135, '^') 
 61295
(86, 131, '^') 
 61299
(86, 127, '^') 
 59303
(83, 126, '<') 
 60307
(92, 129, 'v') 
 61301
(92, 127, '^') 
 59297
(90, 131, '^') 
 61303
(96, 127, '^') 
 59293
(92, 135, '^') 
 59289
(102, 131, '^') 
 59283
(104, 129, 'v') 
 59285
(102, 129, '^') 
 59285
(104, 125, 'v') 
 59289
(105, 126, '>') 
 60291
(106, 125, 'v') 
 59291
(102, 119, '^') 
 59295
(98, 115, '^') 
 61303
(97, 112, '<') 
 62307
(98, 111, 'v') 
 63309
(99, 110, '<') 
 62271
(103, 112, '>') 
 58263
(104, 113, 'v') 
 59265
(105, 122, '>') 
 60275
(107, 120, '<') 
 62277
(107, 114, '<') 
 60263
(108, 115, 'v') 
 63283
(106, 121, '^') 
 61269
(105, 120, '<') 
 62271
(103, 112, '<') 
 64277
(103, 110, '<') 
 58263
(100, 111, 'v') 
 61271
(98, 111, '^') 
 61271
(97, 112, '>') 
 62273
(97, 114, '>') 
 62275
(98, 113, 'v') 
 63275
(96, 111, '^') 
 61273
(104, 111, 'v') 
 65279
(109, 112, '>') 
 66285
(110, 111, 'v') 
 57257
(102, 113, '^') 
 59265
(106, 121, 'v') 
 61275
(107, 122, '>') 
 60269
(98, 119, '^') 
 63303
(97, 118, '<') 
 64245
(103, 106, '<') 
 76283
(95, 102, '>') 
 62233
(96, 103, 'v') 
 63235
(91, 104, '<') 
 70249
(91, 92, '<') 
 52197
(92, 93, 'v') 
 71261
(90, 105, '^') 
 53209
(89, 106, '>') 
 54211
(89, 104, '<') 
 54211
(87, 108, '>') 
 56219
(88, 117, 'v') 
 61233
(91, 118, '>') 
 62237
(98, 119, 'v') 
 63245
(92, 117, 'v') 
 61237
(86, 117, '^') 
 61233
(85, 118, '>') 
 62235
(84, 117, '^') 
 61235
(86, 107, '^') 
 57219
(94, 103, '^') 
 59223
(93, 98, '<') 
 60229
(94, 99, 'v') 
 61229
(96, 101, 'v') 
 61225
(104, 107, 'v') 
 67247
(105, 108, '>') 
 68249
(105, 106, '<') 
 68249
(102, 107, '^') 
 67247
(96, 119, '^') 
 63305
(90, 117, '^') 
 65313
(87, 116, '<') 
 66317
(87, 106, '<') 
 70331
(90, 105, 'v') 
 73339
(92, 105, 'v') 
 53209
(95, 102, '<') 
 60223
(95, 100, '<') 
 60225
(93, 100, '>') 
 62229
(98, 121, '^') 
 61301
(100, 129, 'v') 
 59289
(98, 131, '^') 
 59287
(100, 133, 'v') 
 59285
(98, 137, '^') 
 59281
(96, 137, '^') 
 59283
(98, 139, '^') 
 57279
(97, 138, '<') 
 58281
(100, 137, '^') 
 59279
(102, 139, '^') 
 57275
(106, 139, '^') 
 57271
(112, 135, '^') 
 59269
(109, 136, '>') 
 60273
(109, 134, '<') 
 60273
(109, 130, '>') 
 60259
(114, 133, 'v') 
 63267
(112, 133, '^') 
 61259
(110, 129, 'v') 
 65267
(115, 130, '>') 
 60253
(116, 129, 'v') 
 63257
(116, 139, '^') 
 57261
(114, 139, '^') 
 57263
(124, 139, '^') 
 57253
(114, 133, '^') 
 61257
(113, 132, '<') 
 62259
(108, 129, '^') 
 59259
(110, 135, 'v') 
 67277
(116, 131, '^') 
 61253
(114, 129, '^') 
 59253
(116, 129, '^') 
 59251
(120, 129, '^') 
 59247
(128, 125, 'v') 
 59241
(129, 124, '<') 
 56235
(124, 125, 'v') 
 61249
(122, 123, '^') 
 61251
(118, 121, '^') 
 67321
(115, 122, '>') 
 68325
(115, 120, '<') 
 68325
(108, 127, '^') 
 69293
(104, 125, '^') 
 71299
(112, 115, '^') 
 55253
(107, 116, '>') 
 60263
(112, 113, '^') 
 55251
(108, 111, '^') 
 57257
(118, 105, 'v') 
 53239
(127, 112, '>') 
 58255
(120, 113, '^') 
 61267
(114, 105, '^') 
 51233
(108, 95, 'v') 
 41183
(120, 99, 'v') 
 41179
(121, 98, '<') 
 42181
(125, 98, '>') 
 44183
(120, 99, '^') 
 45189
(126, 97, 'v') 
 43187
(127, 98, '>') 
 44189
(127, 100, '>') 
 44191
(128, 99, 'v') 
 43179
(127, 96, '<') 
 42181
(122, 99, 'v') 
 41181
(124, 97, '^') 
 43183
(136, 107, 'v') 
 43199
(137, 106, '<') 
 42189
(134, 109, '^') 
 43193
(131, 126, '<') 
 54231
(136, 111, 'v') 
 43195
(138, 111, 'v') 
 43193
(138, 109, '^') 
 41189
(136, 111, '^') 
 41193
(134, 113, '^') 
 43197
(133, 118, '>') 
 46207
(132, 117, '^') 
 47207
(138, 133, '^') 
 55233
(133, 116, '<') 
 62259
(136, 137, '^') 
 55239
(58, 117, '^') 
 71341
(56, 119, 'v') 
 75351
(66, 125, '^') 
 65325
(54, 119, 'v') 
 77369
(45, 60, '<') 
 84315
(50, 61, '^') 
 91333
(48, 65, '^') 
 83307
(44, 61, '^') 
 85315
(60, 67, '^') 
 77289
(70, 73, '^') 
 93337
(56, 77, '^') 
 97343
(55, 78, '>') 
 98345
(54, 77, '^') 
 97345
(54, 83, '^') 
 91331
(56, 83, '^') 
 95345
(50, 79, '^') 
 87323
(46, 77, '^') 
 85317
(68, 97, '^') 
 75267
(76, 93, '^') 
 69251
(75, 92, '<') 
 70253
(94, 93, '^') 
 51193
(91, 94, '>') 
 52197
(106, 85, '^') 
 45173
(102, 77, 'v') 
 41159
(100, 75, '^') 
 39157
(106, 79, '^') 
 35147
(110, 81, 'v') 
 43163
(113, 82, '>') 
 34139
(114, 81, 'v') 
 43167
(115, 80, '<') 
 34137
(109, 70, '<') 
 44173
(111, 64, '<') 
 36125
(112, 63, 'v') 
 37127
(115, 64, '>') 
 34119
(111, 66, '>') 
 34125
(109, 72, '>') 
 40149
(116, 81, 'v') 
 43169
(117, 82, '>') 
 34135
(117, 88, '>') 
 38145
(121, 92, '>') 
 40153
(120, 91, '^') 
 41153
(117, 86, '<') 
 38145
(118, 81, 'v') 
 43171
(121, 80, '<') 
 44175
(126, 71, 'v') 
 31117
(128, 69, 'v') 
 33121
(133, 66, '<') 
 30121
(131, 64, '<') 
 32125
(132, 63, 'v') 
 23099
(136, 71, 'v') 
 25111
(139, 74, '>') 
 26117
(137, 74, '<') 
 28121
(139, 72, '<') 
 30125
(134, 71, '^') 
 29115
(133, 70, '<') 
 30117
(132, 67, '^') 
 25105
(127, 70, '>') 
 28113
(125, 72, '>') 
 30117
(122, 81, 'v') 
 33131
(120, 81, '^') 
 33131
(116, 81, '^') 
 33135
(114, 81, '^') 
 33137
(112, 81, '^') 
 33139
(124, 71, '^') 
 29117
(127, 60, '<') 
 32133
(129, 54, '>') 
 24091
(129, 52, '<') 
 34143
(132, 47, 'v') 
 23083
(126, 61, '^') 
 27101
(125, 62, '>') 
 28103
(123, 64, '>') 
 30107
(121, 68, '>') 
 32113
(119, 70, '<') 
 34119
(120, 67, 'v') 
 35123
(118, 67, '^') 
 33115
(119, 62, '<') 
 34115
(120, 61, 'v') 
 35117
(122, 61, 'v') 
 35119
(124, 63, 'v') 
 37123
(125, 60, '<') 
 28103
(125, 50, '<') 
 28113
(126, 51, 'v') 
 29113
(125, 44, '<') 
 22087
(128, 41, 'v') 
 25093
(131, 44, '>') 
 22079
(132, 45, 'v') 
 23081
(130, 45, '^') 
 21081
(124, 45, '^') 
 21087
(125, 52, '>') 
 30121
(126, 61, 'v') 
 31131
(127, 62, '>') 
 26101
(132, 43, 'v') 
 23083
(130, 43, '^') 
 21079
(126, 41, '^') 
 23085
(118, 61, '^') 
 31113
(114, 63, '^') 
 33119
(111, 64, '>') 
 34123
(112, 65, 'v') 
 35125
(116, 63, 'v') 
 37131
(119, 62, '>') 
 32113
(120, 63, 'v') 
 33115
(120, 61, '^') 
 31111
(110, 63, '^') 
 33123
(101, 60, '>') 
 38137
(101, 58, '<') 
 38137
(105, 54, '>') 
 40147
(107, 58, '>') 
 44157
(108, 59, 'v') 
 45159
(106, 59, '^') 
 45159
(107, 56, '<') 
 44157
(105, 52, '<') 
 40147
(102, 49, 'v') 
 43155
(103, 48, '<') 
 44157
(96, 41, 'v') 
 49173
(101, 40, '>') 
 52181
(104, 41, 'v') 
 53185
(110, 41, 'v') 
 57195
(111, 42, '>') 
 58197
(110, 45, '^') 
 59201
(109, 46, '>') 
 60203
(108, 47, '^') 
 47149
(102, 49, '^') 
 49157
(101, 50, '>') 
 50159
(104, 53, '^') 
 53167
(102, 59, 'v') 
 55177
(100, 49, '^') 
 43155
(99, 52, '>') 
 44159
(98, 51, '^') 
 45159
(108, 45, '^') 
 47151
(105, 46, '>') 
 48155
(104, 45, '^') 
 47155
(108, 41, '^') 
 49159
(118, 71, '^') 
 33119
(115, 70, '>') 
 36125
(115, 68, '<') 
 36125
(120, 67, '^') 
 33113
(126, 69, '^') 
 27113
(132, 71, '^') 
 25109
(136, 75, '^') 
 27121
(134, 75, '^') 
 27123
(132, 75, '^') 
 27125
(131, 74, '<') 
 28127
(136, 75, 'v') 
 31135
(138, 75, 'v') 
 29121
(138, 73, '^') 
 27117
(130, 75, '^') 
 27127
(128, 75, '^') 
 27129
(130, 65, '^') 
 23101
(129, 66, '>') 
 24103
(129, 64, '<') 
 24103
(108, 71, '^') 
 41149
(107, 74, '>') 
 42153
(106, 73, '^') 
 43153
(110, 87, 'v') 
 39153
(112, 91, '^') 
 41161
(104, 93, 'v') 
 47177
(102, 93, '^') 
 47177
(101, 92, '<') 
 48179
(100, 93, '^') 
 47179
(112, 93, '^') 
 39175
(118, 95, '^') 
 37167
(128, 87, 'v') 
 33147
(130, 87, 'v') 
 33149
(132, 101, '^') 
 41171
(127, 98, '<') 
 42179
(126, 97, '^') 
 43181
(128, 87, '^') 
 35153
(128, 83, '^') 
 33145
(128, 75, 'v') 
 31135
(130, 75, 'v') 
 31137
(128, 79, '^') 
 29133
(132, 81, '^') 
 31139
(132, 87, '^') 
 37153
(138, 107, '^') 
 41187
(82, 73, 'v') 
 89307
(94, 57, '^') 
 49169
(98, 51, 'v') 
 55185
(99, 50, '<') 
 56187
(112, 57, 'v') 
 41133
(114, 55, '^') 
 37131
(115, 46, '<') 
 30103
(113, 46, '>') 
 28099
(115, 48, '>') 
 30103
(113, 44, '<') 
 32107
(121, 40, '>') 
 26085
(117, 44, '>') 
 28093
(120, 43, 'v') 
 29095
(122, 39, '^') 
 25083
(120, 39, '^') 
 25085
(114, 45, 'v') 
 29099
(114, 47, '^') 
 31103
(118, 43, '^') 
 27091
(118, 43, 'v') 
 29093
(116, 53, '^') 
 35127
(122, 55, '^') 
 35119
(122, 53, 'v') 
 37123
(86, 53, 'v') 
 57187
(78, 41, '^') 
 71221
(77, 40, '<') 
 72223
(76, 41, '^') 
 71223
(72, 59, '^') 
 79285
(70, 51, '^') 
 77283
(69, 52, '>') 
 78273
(69, 50, '<') 
 78273
(69, 48, '<') 
 78275
(70, 47, 'v') 
 79277
(69, 50, '>') 
 82283
(70, 51, 'v') 
 77273
(72, 51, 'v') 
 77275
(72, 55, '^') 
 79281
(71, 54, '<') 
 76279
(68, 51, '^') 
 77285
(68, 47, '^') 
 79277
(67, 48, '>') 
 80279
(67, 46, '<') 
 80279
(70, 49, 'v') 
 79275
(69, 48, '>') 
 82281
(64, 35, '^') 
 67225
(66, 37, '^') 
 69233
(60, 45, '^') 
 75271
(58, 53, 'v') 
 77267
(59, 52, '<') 
 76277
(58, 51, '^') 
 75271
(46, 55, '^') 
 81283
(46, 53, 'v') 
 83287
(44, 53, '^') 
 83287
(42, 55, 'v') 
 85293
(40, 55, '^') 
 85293
(39, 56, '>') 
 86295
(39, 66, '>') 
 92313
(39, 64, '<') 
 92313
(39, 54, '<') 
 86295
(43, 50, '<') 
 88303
(44, 49, 'v') 
 89305
(45, 50, '>') 
 90307
(42, 51, '^') 
 91311
(40, 55, 'v') 
 93319
(41, 54, '<') 
 94321
(45, 54, '>') 
 84287
(45, 48, '<') 
 88307
(47, 48, '>') 
 90307
(48, 47, 'v') 
 89307
(42, 49, '^') 
 89305
(44, 51, 'v') 
 87303
(44, 49, '^') 
 89307
(43, 50, '>') 
 90309
(46, 53, '^') 
 83285
(48, 51, '^') 
 87301
(46, 47, '^') 
 89307
(48, 47, '^') 
 89305
(42, 45, '^') 
 91317
(64, 51, 'v') 
 73263
(62, 53, '^') 
 73265
(64, 55, 'v') 
 73267
(70, 57, 'v') 
 75275
(62, 57, '^') 
 73269
(56, 23, '^') 
 63213
(56, 21, '^') 
 63211
(54, 15, '^') 
 59203
(66, 21, 'v') 
 57191
(60, 15, 'v') 
 59199
(64, 21, '^') 
 63211
(63, 20, '<') 
 56189
(14, 27, 'v') 
 71261
(14, 29, 'v') 
 71263
(12, 31, '^') 
 71265
(6, 29, '^') 
 75281
(10, 35, '^') 
 73275
(10, 39, 'v') 
 87313
(10, 43, 'v') 
 87317
(10, 45, 'v') 
 87319
(12, 45, 'v') 
 87321
(13, 44, '<') 
 88323
(14, 45, '^') 
 91337
(12, 45, '^') 
 91339
(10, 45, '^') 
 89321
(8, 45, '^') 
 87319
(6, 45, '^') 
 87321
(5, 46, '>') 
 88323
(4, 47, '^') 
 89325
(1, 44, '<') 
 84307
(2, 45, 'v') 
 91331
(2, 39, 'v') 
 81297
(9, 40, '>') 
 86313
(9, 44, '>') 
 86317
(8, 49, '^') 
 89327
(10, 51, 'v') 
 91325
(12, 51, 'v') 
 89327
(17, 52, '>') 
 90333
(13, 54, '>') 
 90331
(13, 58, '>') 
 90335
(11, 60, '<') 
 92341
(11, 56, '<') 
 92333
(11, 54, '<') 
 92331
(11, 52, '<') 
 92329
(10, 51, '^') 
 89327
(8, 51, '^') 
 89329
(12, 53, 'v') 
 89329
(10, 53, '^') 
 89329
(8, 53, '^') 
 89331
(7, 54, '>') 
 90333
(6, 57, '^') 
 91337
(5, 52, '<') 
 90335
(2, 51, '^') 
 89319
(1, 52, '>') 
 90321
(1, 54, '>') 
 90323
(2, 59, 'v') 
 95333
(7, 56, '<') 
 92329
(8, 53, 'v') 
 91325
(10, 53, 'v') 
 91327
(6, 53, '^') 
 89333
(4, 53, '^') 
 89335
(2, 53, 'v') 
 91323
(6, 53, 'v') 
 91323
(10, 55, '^') 
 89331
(12, 57, 'v') 
 89333
(10, 57, '^') 
 89333
(12, 57, '^') 
 91335
(12, 53, '^') 
 91339
(10, 69, 'v') 
 91343
(14, 67, 'v') 
 91345
(17, 70, '>') 
 94351
(11, 80, '>') 
 102375
(10, 67, 'v') 
 91341
(10, 65, 'v') 
 91339
(8, 63, '^') 
 91337
(8, 61, '^') 
 91335
(10, 57, 'v') 
 91331
(10, 55, 'v') 
 91329
(10, 43, '^') 
 89319
(10, 39, '^') 
 89323
(36, 5, '^') 
 57195
(30, 13, '^') 
 55201
(31, 18, '>') 
 56205
(31, 20, '>') 
 56207
(32, 19, 'v') 
 57207
(30, 19, '^') 
 57207
(32, 17, 'v') 
 57209
(30, 11, '^') 
 53199
(28, 11, '^') 
 53201
(27, 10, '<') 
 54203
(22, 9, 'v') 
 61219
(22, 13, '^') 
 63225
(36, 11, '^') 
 53193
(34, 11, '^') 
 53195
(32, 17, '^') 
 55203
(30, 17, '^') 
 55205
(32, 19, '^') 
 57205
(31, 18, '<') 
 58207
(68, 17, '^') 
 47155
(72, 27, '^') 
 53173
(64, 23, '^') 
 55185
(34, 1, '^') 
 55205
(32, 3, 'v') 
 57211
(36, 5, 'v') 
 55201
(34, 7, '^') 
 55199
(31, 8, '>') 
 56203
(46, 3, '^') 
 55183
(44, 3, '^') 
 55185
(46, 5, '^') 
 55185
(42, 11, '^') 
 53187
(46, 9, '^') 
 51181
(40, 17, '^') 
 57195
(41, 14, '>') 
 60203
(62, 5, '^') 
 47153
(64, 7, 'v') 
 47159
(70, 11, '^') 
 45147
(68, 11, '^') 
 45149
(84, 11, '^') 
 31109
(82, 15, '^') 
 35119
(84, 15, '^') 
 35117
(106, 5, '^') 
 25081
(104, 5, '^') 
 25083
(112, 5, '^') 
 29087
(114, 5, '^') 
 29089
(96, 13, '^') 
 25099
(98, 15, 'v') 
 27097
(96, 15, '^') 
 27097
(93, 18, '>') 
 30103
(92, 17, '^') 
 29103
(106, 7, '^') 
 25083
(105, 6, '<') 
 26085
(100, 11, '^') 
 31097
(96, 7, '^') 
 27105
(96, 9, '^') 
 27103
(96, 11, '^') 
 27101
(100, 19, '^') 
 23089
(110, 19, '^') 
 17067
(116, 23, '^') 
 11049
(132, 35, '^') 
 21069
(134, 31, '^') 
 19063
(133, 30, '<') 
 20065
(133, 28, '<') 
 20067
(134, 31, 'v') 
 23077
(134, 29, 'v') 
 21067
(132, 31, '^') 
 19065
(133, 30, '>') 
 22075
(138, 35, '^') 
 23067
(134, 37, '^') 
 21069
(133, 40, '>') 
 22073
(134, 39, 'v') 
 23073
(124, 21, '^') 
 11039
(122, 19, '^') 
 9039
(124, 19, '^') 
 9037
(130, 23, '^') 
 9039
(136, 19, '^') 
 9029
(134, 39, '^') 
 21071
(133, 38, '<') 
 22073
(134, 43, '^') 
 21075
(134, 45, '^') 
 21077
(138, 57, '^') 
 27117
(135, 50, '<') 
 28127
(134, 51, '^') 
 25091
(130, 57, '^') 
 23093
(132, 55, 'v') 
 23091
(132, 53, 'v') 
 23089
(132, 49, 'v') 
 23085
(135, 52, '>') 
 24091
(130, 47, '^') 
 23083
(128, 53, '^') 
 25091
(130, 61, '^') 
 23097
(126, 17, '^') 
 7033
(123, 14, '>') 
 14053
(136, 17, '^') 
 7023
